                              mean          std        2.5q         25q          50q          75q       97.5q       mc err
a(LH.Control)              1.00214    0.0413994      0.9211    0.974316      1.00176      1.03008     1.08418  0.000242469
a(LH.PD-Off)               1.09875     0.040663     1.01926     1.07129      1.09872      1.12607     1.17826  0.000269558
a(LH.PD-On)                1.14499    0.0410768     1.06406     1.11757      1.14462      1.17214     1.22622  0.000267019
a(LL.Control)              1.02435     0.041938    0.943444    0.996031      1.02381      1.05243     1.10751  0.000277329
a(LL.PD-Off)                 1.013     0.039801    0.935004    0.986167      1.01279      1.03973     1.09155  0.000233021
a(LL.PD-On)                1.10871    0.0408882     1.02958     1.08133      1.10865       1.1363     1.18931  0.000243919
a(SH.Control)             0.973388    0.0412712    0.892489    0.945705     0.973116      1.00102     1.05507  0.000245248
a(SH.PD-Off)               1.08456    0.0403059     1.00627     1.05723      1.08419      1.11155     1.16508  0.000220081
a(SH.PD-On)                1.10978    0.0410712     1.02979     1.08197      1.10974      1.13732     1.19029  0.000250872
a(SL.Control)               0.8833    0.0406006    0.803461    0.856224     0.883433     0.910212     0.96371  0.000209573
a(SL.PD-Off)               1.07242    0.0401333    0.994448     1.04534      1.07216      1.09915     1.15094  0.000259295
a(SL.PD-On)               0.948484    0.0395642    0.870987    0.921919     0.948709      0.97484     1.02652  0.000250819
a_std                     0.145502   0.00991872    0.127098    0.138583     0.145122     0.152005    0.166109  8.59588e-05
a_subj(LH.Control).0      0.906791    0.0525392    0.808376    0.870366     0.905513     0.941343     1.01429  0.000351272
a_subj(LH.Control).1      0.979966    0.0605491     0.86465    0.938419     0.978917      1.02034      1.1016  0.000387547
a_subj(LH.Control).2       1.08893    0.0626254    0.970276     1.04561      1.08728      1.13075     1.21495  0.000384012
a_subj(LH.Control).3      0.892894    0.0541958    0.791912    0.855286     0.891239     0.928305     1.00342  0.000298857
a_subj(LH.Control).4      0.721237     0.042361     0.64244    0.692128     0.719441     0.748858    0.808499  0.000289338
a_subj(LH.Control).5      0.988593    0.0623126    0.870562    0.945772     0.987417      1.02963     1.11424  0.000387311
a_subj(LH.Control).6        1.1988    0.0750974     1.05652     1.14711      1.19753       1.2483     1.35095  0.000606844
a_subj(LH.Control).7      0.857879    0.0464687    0.770132    0.825791     0.856625     0.888563     0.95256  0.000250668
a_subj(LH.Control).8       1.13135    0.0705565    0.996782     1.08298      1.12987      1.17803     1.27382  0.000492024
a_subj(LH.Control).10      1.02688    0.0577215     0.91876    0.986936      1.02535      1.06509     1.14505  0.000353368
a_subj(LH.Control).11     0.970382    0.0571228    0.862056    0.931051     0.969021      1.00817     1.08533  0.000355797
a_subj(LH.Control).12      1.17877    0.0712937     1.04427     1.13004       1.1773      1.22584       1.323  0.000407817
a_subj(LH.Control).13     0.855078     0.048895    0.763312    0.821584       0.8537     0.886985     0.95441  0.000274065
a_subj(LH.Control).14      1.16719    0.0756984     1.02331      1.1149      1.16657      1.21778     1.31803  0.000542549
a_subj(LH.Control).15      1.06449    0.0533872    0.964549     1.02779      1.06275      1.09936     1.17358  0.000347302
a_subj(LH.PD-Off).0        0.99494    0.0539827    0.894403    0.957231     0.992774      1.03068     1.10578  0.000317218
a_subj(LH.PD-Off).1        1.25786    0.0763179     1.11484     1.20515      1.25594      1.30836     1.41261  0.000529691
a_subj(LH.PD-Off).2         1.0535     0.054659    0.949838     1.01622      1.05207      1.08941     1.16428  0.000325947
a_subj(LH.PD-Off).3        1.14781    0.0662364     1.02322     1.10198      1.14624      1.19169     1.28178  0.000394596
a_subj(LH.PD-Off).4        1.11327    0.0605757    0.998759      1.0717      1.11163       1.1533     1.23665  0.000390676
a_subj(LH.PD-Off).5        1.09626    0.0654849    0.971802     1.05123      1.09495      1.13976     1.22892  0.000463036
a_subj(LH.PD-Off).6          1.093    0.0679284    0.964541     1.04623      1.09157       1.1379     1.22873  0.000531375
a_subj(LH.PD-Off).7        1.16137    0.0719311     1.02565     1.11164      1.16003      1.20916     1.30579  0.000389965
a_subj(LH.PD-Off).8        1.24382     0.077867     1.09669     1.19029       1.2427      1.29551     1.40013  0.000491086
a_subj(LH.PD-Off).9       0.971799    0.0623166     0.85471    0.928767     0.969708      1.01312     1.09779   0.00040756
a_subj(LH.PD-Off).10        1.3296    0.0680252     1.20161     1.28258      1.32762      1.37444     1.46938  0.000388857
a_subj(LH.PD-Off).11       1.02852    0.0538962    0.926259    0.991251      1.02697      1.06446      1.1378  0.000355461
a_subj(LH.PD-Off).12        1.0052    0.0530932    0.905391    0.968441      1.00368       1.0404     1.11291  0.000249898
a_subj(LH.PD-Off).13       1.03447    0.0546291    0.932132    0.996575      1.03314      1.07051     1.14618  0.000266536
a_subj(LH.PD-Off).14      0.927083    0.0605178    0.813806    0.885337     0.925411     0.967171     1.05045  0.000433265
a_subj(LH.PD-Off).15       1.12343    0.0699778    0.990089     1.07559       1.1218      1.16937     1.26572   0.00046823
a_subj(LH.PD-On).0         1.29481     0.072167     1.15744     1.24521      1.29332      1.34272      1.4409  0.000428946
a_subj(LH.PD-On).1         1.15225    0.0687351     1.02267     1.10506      1.15057      1.19775     1.29173  0.000443202
a_subj(LH.PD-On).2         1.26258    0.0625243     1.14397     1.21972      1.26105      1.30373     1.38919  0.000324591
a_subj(LH.PD-On).3          1.2568    0.0750562     1.11494     1.20506      1.25514      1.30642     1.40929   0.00048334
a_subj(LH.PD-On).4         1.03458    0.0566534    0.928522    0.995541      1.03312       1.0726     1.14935  0.000264234
a_subj(LH.PD-On).5         1.15686    0.0720548     1.01981     1.10728      1.15546      1.20504     1.30224     0.000458
a_subj(LH.PD-On).6        0.923171    0.0597302    0.810466    0.882149     0.921742     0.962788     1.04401  0.000432926
a_subj(LH.PD-On).7         1.08466    0.0559406    0.979395     1.04608      1.08339      1.12171     1.19734  0.000279734
a_subj(LH.PD-On).8         1.14384    0.0713786      1.0083     1.09503      1.14243      1.19132     1.28717  0.000452085
a_subj(LH.PD-On).9         0.91776    0.0505408    0.824196    0.882594     0.915971     0.950891      1.0226  0.000342884
a_subj(LH.PD-On).10          1.236    0.0642017     1.11421     1.19194        1.234      1.27816     1.36673  0.000345238
a_subj(LH.PD-On).11        1.02241    0.0599513    0.909942    0.981085      1.02061      1.06244     1.14456  0.000347782
a_subj(LH.PD-On).12        1.19499     0.060122     1.08043     1.15391      1.19364      1.23457     1.31655   0.00026384
a_subj(LH.PD-On).13         1.2135    0.0710394      1.0794     1.16425      1.21174      1.26079     1.35804  0.000359653
a_subj(LH.PD-On).14        1.11645    0.0707577    0.981649      1.0674      1.11561      1.16382     1.25698  0.000509871
a_subj(LH.PD-On).15        1.30863     0.081566     1.15295     1.25264      1.30713      1.36288     1.47362  0.000538028
a_subj(LL.Control).0       1.11334    0.0611511    0.997953     1.07101      1.11144      1.15427     1.23713  0.000365884
a_subj(LL.Control).1       1.00819    0.0656581     0.88444    0.962964      1.00637      1.05178     1.14187  0.000481694
a_subj(LL.Control).2       1.09037    0.0611197    0.975941     1.04815      1.08873      1.13122     1.21481  0.000312963
a_subj(LL.Control).3       1.03649     0.061328    0.921358    0.994307      1.03448      1.07698     1.16157  0.000346435
a_subj(LL.Control).4      0.771758    0.0446271    0.688271    0.740911     0.770873     0.801147    0.863231  0.000299886
a_subj(LL.Control).5      0.792612    0.0476131    0.704337    0.759518     0.790839     0.823656    0.890939  0.000292141
a_subj(LL.Control).6       1.21244    0.0779173     1.06384     1.15913      1.21074      1.26407     1.37073  0.000574139
a_subj(LL.Control).7       0.91017    0.0528376    0.811678    0.873398     0.908654     0.945016     1.01687  0.000287113
a_subj(LL.Control).8       1.17203    0.0725019     1.03492     1.12251      1.17037      1.22037     1.31849  0.000519489
a_subj(LL.Control).10      1.07269    0.0633521    0.953351     1.02879      1.07098      1.11465     1.20173  0.000397886
a_subj(LL.Control).11     0.862908    0.0497186    0.769056     0.82841     0.861601     0.896171     0.96354  0.000283637
a_subj(LL.Control).12      1.19671    0.0712402     1.06063     1.14762      1.19518      1.24384     1.34096  0.000458944
a_subj(LL.Control).13     0.903419    0.0525061    0.804137    0.867444     0.902193     0.938274     1.00871  0.000330363
a_subj(LL.Control).14      1.28163    0.0813616     1.12773     1.22586      1.28005      1.33573     1.44555  0.000618809
a_subj(LL.Control).15     0.941154    0.0546512    0.838915    0.903277     0.939484     0.977222     1.05273  0.000350372
a_subj(LL.PD-Off).0        1.02574    0.0542478     0.92378    0.988527      1.02471      1.06138     1.13626  0.000289934
a_subj(LL.PD-Off).1        1.18855    0.0757704     1.04452     1.13694      1.18643      1.23849     1.34383  0.000504216
a_subj(LL.PD-Off).2       0.956663     0.048109    0.867025    0.923254      0.95507      0.98841     1.05486  0.000258087
a_subj(LL.PD-Off).3       0.961252    0.0534945    0.862178    0.924157     0.959283     0.996383     1.07161  0.000396155
a_subj(LL.PD-Off).4        1.15523    0.0683231     1.02609     1.10829      1.15354      1.20052     1.29304  0.000411628
a_subj(LL.PD-Off).5        1.07633    0.0669537    0.950357     1.02988      1.07465      1.12059     1.21149  0.000378365
a_subj(LL.PD-Off).6       0.941805    0.0608717    0.826809    0.899929     0.940594     0.981891     1.06481  0.000445555
a_subj(LL.PD-Off).7        1.12218    0.0769195    0.980207     1.06879      1.11957      1.17236     1.28111  0.000383178
a_subj(LL.PD-Off).8        1.10066     0.065541    0.977156      1.0552      1.09869      1.14393     1.23466  0.000407066
a_subj(LL.PD-Off).9       0.745148    0.0441722    0.663169    0.714155     0.743472     0.774053    0.836416  0.000315618
a_subj(LL.PD-Off).10       1.13727     0.057439     1.02906     1.09777      1.13569      1.17496     1.25445  0.000269643
a_subj(LL.PD-Off).11        1.1496    0.0562576     1.04383     1.11082       1.1479      1.18635     1.26432   0.00031849
a_subj(LL.PD-Off).12      0.963634    0.0504153    0.868136    0.929084     0.962356     0.996773     1.06655  0.000271655
a_subj(LL.PD-Off).13       1.06771    0.0647474    0.945129       1.023      1.06649       1.1103     1.19932  0.000356104
a_subj(LL.PD-Off).14       0.77531    0.0488929    0.685178    0.741217     0.773365     0.807225    0.876494  0.000346734
a_subj(LL.PD-Off).15      0.839812    0.0548858    0.739102    0.801451     0.837564     0.875655    0.953171  0.000370538
a_subj(LL.PD-On).0         1.13823    0.0580282     1.02883     1.09822      1.13652      1.17694     1.25527  0.000278414
a_subj(LL.PD-On).1         1.19975    0.0699832     1.06839     1.15119       1.1981      1.24613     1.34129  0.000460464
a_subj(LL.PD-On).2         1.23076    0.0603952     1.11744     1.18901      1.22943      1.27091     1.35312  0.000296078
a_subj(LL.PD-On).3         1.14521    0.0672427     1.01858     1.09906      1.14387       1.1893     1.28239  0.000412227
a_subj(LL.PD-On).4         1.19335    0.0688281     1.06221     1.14632      1.19159      1.23891     1.33216  0.000430307
a_subj(LL.PD-On).5        0.887479    0.0551895    0.784758    0.849588     0.885406     0.923195     1.00142  0.000326568
a_subj(LL.PD-On).6        0.714227    0.0496378    0.621863    0.679762     0.712562      0.74703    0.815231  0.000412048
a_subj(LL.PD-On).7        0.998891    0.0601526    0.886292    0.957444     0.997122      1.03855     1.12253  0.000321466
a_subj(LL.PD-On).8         1.17338    0.0694819     1.04312     1.12572      1.17182       1.2188     1.31527  0.000462764
a_subj(LL.PD-On).9          1.0414    0.0659352    0.915622    0.996293      1.04019      1.08477     1.17414  0.000460672
a_subj(LL.PD-On).10         1.2968    0.0655396     1.17357     1.25131      1.29495      1.34004     1.43206  0.000367685
a_subj(LL.PD-On).11        1.00524    0.0615591    0.888308     0.96284      1.00394      1.04628     1.12985  0.000374127
a_subj(LL.PD-On).12        1.12345    0.0587138     1.01337     1.08279      1.12166      1.16257     1.24298  0.000332688
a_subj(LL.PD-On).13        1.29251     0.072662     1.15578     1.24226      1.29068      1.34057     1.44024  0.000495953
a_subj(LL.PD-On).14        1.14238    0.0739081     1.00206     1.09152       1.1409      1.19136      1.2919  0.000549771
a_subj(LL.PD-On).15        1.15946     0.070402     1.02753     1.11109      1.15729      1.20572     1.30239  0.000466309
a_subj(SH.Control).0       1.07892    0.0632755    0.960582      1.0353      1.07686      1.12058     1.20779  0.000401472
a_subj(SH.Control).1      0.953445    0.0582276    0.844293    0.912895     0.951641     0.992321     1.07119  0.000388808
a_subj(SH.Control).2       1.01631    0.0511554    0.920218    0.981197      1.01459      1.04987      1.1204  0.000293475
a_subj(SH.Control).3       1.11248    0.0644831     0.99064     1.06811      1.11098      1.15481      1.2433  0.000399266
a_subj(SH.Control).4      0.881871    0.0510494     0.78564    0.846684     0.880541     0.915347    0.985126   0.00031042
a_subj(SH.Control).5      0.988146    0.0587116    0.877675    0.948003     0.986399      1.02701     1.10754  0.000306869
a_subj(SH.Control).6       1.17569    0.0719434     1.03974     1.12594      1.17356      1.22396     1.32056  0.000570729
a_subj(SH.Control).7      0.855754    0.0439101    0.773349    0.825149     0.854307     0.884688     0.94508  0.000257313
a_subj(SH.Control).8      0.840917    0.0508876    0.746288    0.805555     0.839551     0.874253    0.945634  0.000354243
a_subj(SH.Control).10     0.879742    0.0513009    0.784911    0.844159      0.87777     0.913571    0.984719  0.000345612
a_subj(SH.Control).11      0.73868     0.039066    0.665026     0.71174     0.737519     0.764368    0.818054  0.000203927
a_subj(SH.Control).12      1.09018    0.0661678    0.965285     1.04444      1.08853      1.13398     1.22382  0.000362254
a_subj(SH.Control).13     0.882225    0.0534332    0.782016    0.845541     0.880794     0.917552    0.991297   0.00029015
a_subj(SH.Control).14      1.04546    0.0685691    0.916244    0.998603      1.04338      1.08996     1.18496   0.00049535
a_subj(SH.Control).15      1.06393    0.0644044    0.944018     1.01936      1.06202      1.10648     1.19536  0.000419767
a_subj(SH.PD-Off).0        1.05182    0.0593294    0.940887     1.01113      1.05012       1.0907     1.17311  0.000350229
a_subj(SH.PD-Off).1        1.31223    0.0814552     1.15576      1.2571      1.31108      1.36548     1.47695  0.000544624
a_subj(SH.PD-Off).2       0.971599    0.0480919    0.881478    0.938337     0.970132       1.0033      1.0697   0.00024412
a_subj(SH.PD-Off).3        1.30706    0.0790604     1.15707     1.25275      1.30544      1.35988     1.46664  0.000435161
a_subj(SH.PD-Off).4        1.10458    0.0591122    0.993591     1.06382      1.10289      1.14351     1.22484  0.000254451
a_subj(SH.PD-Off).5        1.06181    0.0645214    0.940408     1.01727      1.06003      1.10445     1.19245  0.000409643
a_subj(SH.PD-Off).6       0.871758    0.0537564    0.771206    0.834449     0.870109     0.907056    0.982788  0.000366984
a_subj(SH.PD-Off).7        1.05476    0.0614222    0.939887     1.01253      1.05297      1.09534     1.17955  0.000295821
a_subj(SH.PD-Off).8       0.989716    0.0595371    0.878922    0.948679     0.988139      1.02866     1.11022  0.000385607
a_subj(SH.PD-Off).9        1.03299    0.0645855    0.911812    0.988192      1.03129      1.07603       1.163  0.000425108
a_subj(SH.PD-Off).10       1.18307      0.06153     1.06808      1.1409        1.181      1.22368     1.30851  0.000364733
a_subj(SH.PD-Off).11       1.09838    0.0507036     1.00236     1.06315      1.09724      1.13176     1.20249  0.000239232
a_subj(SH.PD-Off).12       1.02081    0.0486372    0.929788    0.987073      1.01925      1.05285     1.11973  0.000259211
a_subj(SH.PD-Off).13        1.1436    0.0621887     1.02636     1.10093      1.14223      1.18482     1.27059  0.000309212
a_subj(SH.PD-Off).14      0.894386    0.0588503    0.784275    0.853667     0.892315     0.933465     1.01423  0.000440163
a_subj(SH.PD-Off).15       1.25336    0.0786187     1.10369     1.19917      1.25193       1.3061     1.41056  0.000575119
a_subj(SH.PD-On).0         1.08468    0.0606483    0.969644     1.04316      1.08351      1.12427      1.2075  0.000358201
a_subj(SH.PD-On).1         1.05034    0.0628482    0.933216     1.00681      1.04786      1.09169      1.1796   0.00042152
a_subj(SH.PD-On).2         1.24821    0.0614055     1.13165     1.20586      1.24713      1.28869     1.37221  0.000291585
a_subj(SH.PD-On).3        0.922501    0.0511346    0.827887    0.887231     0.920238      0.95567     1.02887  0.000325146
a_subj(SH.PD-On).4         1.03026    0.0603341     0.91613    0.988708      1.02861      1.07029      1.1523  0.000371752
a_subj(SH.PD-On).5         1.31607     0.084214     1.15532     1.25829      1.31452      1.37208      1.4855  0.000556552
a_subj(SH.PD-On).6         1.06274    0.0676844    0.932632     1.01627      1.06161      1.10765     1.19879   0.00053599
a_subj(SH.PD-On).7         1.04454     0.051208    0.947271     1.00891      1.04319      1.07866     1.14749  0.000243049
a_subj(SH.PD-On).8         1.07176    0.0647645    0.949595      1.0272      1.06997      1.11416     1.20366  0.000397616
a_subj(SH.PD-On).9         1.01047    0.0637855    0.889771    0.966772      1.00889      1.05307     1.13918  0.000438293
a_subj(SH.PD-On).10        1.13884     0.058431     1.02922     1.09864      1.13708       1.1773     1.25788  0.000287124
a_subj(SH.PD-On).11       0.986106    0.0574659    0.879201    0.946366     0.984266       1.0241     1.10374  0.000325595
a_subj(SH.PD-On).12        1.03751    0.0498342    0.943838     1.00331      1.03596      1.07049     1.13806  0.000300745
a_subj(SH.PD-On).13        1.23535    0.0708518     1.10227     1.18672      1.23343      1.28143      1.3801  0.000397185
a_subj(SH.PD-On).14        1.18872    0.0759379     1.04549     1.13654      1.18685      1.23913      1.3412  0.000531568
a_subj(SH.PD-On).15         1.3291    0.0823051     1.17318     1.27203      1.32743      1.38352     1.49588   0.00051129
a_subj(SL.Control).0      0.849116    0.0515333    0.753612    0.813415     0.847225     0.883036    0.954413  0.000342332
a_subj(SL.Control).1      0.787437    0.0507421    0.693348    0.752379       0.7855     0.820807    0.891884  0.000323534
a_subj(SL.Control).2      0.911812    0.0488192     0.82038    0.878064     0.910213     0.944027     1.01132  0.000244441
a_subj(SL.Control).3       1.15825    0.0693213     1.02715     1.11071       1.1571      1.20406      1.2984  0.000408326
a_subj(SL.Control).4      0.741777     0.043206    0.660883    0.711869     0.740662     0.770313    0.830301  0.000286324
a_subj(SL.Control).5      0.950507    0.0619251    0.833384    0.907856     0.949149     0.991458     1.07628  0.000394449
a_subj(SL.Control).6      0.841392      0.05472    0.738675     0.80354     0.839909     0.877428    0.952606   0.00043789
a_subj(SL.Control).7      0.716078    0.0349626    0.651846    0.691833     0.714896     0.738726    0.788173  0.000200129
a_subj(SL.Control).8       1.13328    0.0707831    0.997471     1.08454      1.13206      1.18036      1.2757  0.000441693
a_subj(SL.Control).10      1.04584    0.0599527    0.932361     1.00485      1.04438      1.08536     1.16738  0.000331733
a_subj(SL.Control).11     0.659726    0.0364085    0.592418    0.634422     0.658517     0.683512    0.734828  0.000195858
a_subj(SL.Control).12     0.912554    0.0527192    0.814749    0.876312     0.910991     0.946795     1.02147  0.000343758
a_subj(SL.Control).13     0.678188    0.0358836    0.610908     0.65353     0.676932     0.701622    0.751837  0.000191981
a_subj(SL.Control).14     0.948773     0.058004    0.840834    0.908725     0.946925     0.987073     1.06795  0.000416731
a_subj(SL.Control).15      0.91757    0.0528116      0.8173    0.881327     0.916616     0.952436      1.0243  0.000304492
a_subj(SL.PD-Off).0        1.18079    0.0591933     1.06917     1.13973      1.17957      1.22011     1.30025  0.000345204
a_subj(SL.PD-Off).1        1.02494    0.0628218    0.907984    0.981515      1.02301      1.06604     1.15431  0.000427647
a_subj(SL.PD-Off).2        1.06838    0.0550528     0.96432     1.03035      1.06696      1.10496     1.17971  0.000308606
a_subj(SL.PD-Off).3        1.27313    0.0773643     1.12772     1.21997      1.27107      1.32462     1.42976  0.000426056
a_subj(SL.PD-Off).4       0.844009    0.0462836    0.757664    0.811834     0.842344     0.874121    0.939895  0.000306895
a_subj(SL.PD-Off).5       0.921194     0.059384    0.810145    0.879877     0.919541     0.960061     1.04282  0.000405402
a_subj(SL.PD-Off).6        1.09329    0.0668541    0.966737     1.04756      1.09155      1.13749      1.2282  0.000486497
a_subj(SL.PD-Off).7       0.912888    0.0496682     0.82048    0.878736     0.911124     0.945487     1.01558   0.00030664
a_subj(SL.PD-Off).8        1.17493    0.0689937      1.0444     1.12713      1.17327      1.22091      1.3143  0.000431239
a_subj(SL.PD-Off).9        1.01674    0.0667973    0.890549    0.970804      1.01511       1.0615     1.15241  0.000430989
a_subj(SL.PD-Off).10       1.15434    0.0546172     1.05127     1.11677      1.15291      1.19036     1.26517  0.000332773
a_subj(SL.PD-Off).11        1.1309    0.0560632     1.02484      1.0926       1.1293      1.16772     1.24492  0.000295658
a_subj(SL.PD-Off).12       1.16758    0.0570359     1.05974     1.12823       1.1665      1.20568     1.28227  0.000292005
a_subj(SL.PD-Off).13       0.95288     0.057725    0.845655    0.912967      0.95109     0.990519     1.07177  0.000346511
a_subj(SL.PD-Off).14        1.0357    0.0657973    0.911278     0.99006      1.03407      1.07948     1.16812  0.000468272
a_subj(SL.PD-Off).15       1.20566    0.0766469     1.06047     1.15274      1.20384      1.25673     1.35978  0.000498804
a_subj(SL.PD-On).0         1.12448    0.0568778     1.01711     1.08536      1.12283      1.16213     1.23989   0.00029559
a_subj(SL.PD-On).1         1.03858    0.0605546     0.92402     0.99755      1.03704      1.07815     1.16223  0.000400857
a_subj(SL.PD-On).2         1.00688    0.0493185    0.914656    0.972793       1.0054       1.0392     1.10724  0.000295189
a_subj(SL.PD-On).3        0.956913    0.0516331    0.860022    0.921171     0.955412     0.990636      1.0622  0.000353692
a_subj(SL.PD-On).4        0.880184    0.0514492    0.784167     0.84459     0.878409     0.914215    0.985773  0.000265266
a_subj(SL.PD-On).5        0.960105    0.0583071    0.850665    0.919991     0.958228     0.998221     1.07982  0.000372973
a_subj(SL.PD-On).6        0.851815    0.0540682    0.749721    0.814414     0.850496     0.887893    0.960922  0.000419173
a_subj(SL.PD-On).7        0.908032    0.0455885    0.822629    0.876607     0.906787     0.937864     1.00088  0.000236809
a_subj(SL.PD-On).8        0.919141    0.0562276    0.813656     0.88016     0.917329      0.95628     1.03373  0.000344588
a_subj(SL.PD-On).9         1.02165    0.0656192    0.897162     0.97639      1.02013      1.06556     1.15293  0.000464712
a_subj(SL.PD-On).10        1.01367    0.0531064    0.914162     0.97699      1.01202      1.04904      1.1213  0.000282296
a_subj(SL.PD-On).11       0.705248     0.036467       0.637    0.679781     0.704212     0.729263    0.779543  0.000220829
a_subj(SL.PD-On).12        1.05657    0.0540477    0.954547     1.01962      1.05542      1.09205     1.16635  0.000267942
a_subj(SL.PD-On).13       0.955773    0.0543526    0.855669    0.918176     0.953323     0.991169     1.06796  0.000337554
a_subj(SL.PD-On).14       0.867089    0.0571464    0.761938     0.82704     0.864679     0.904487    0.984723  0.000440949
a_subj(SL.PD-On).15       0.908835    0.0592268     0.79747    0.867736        0.907      0.94778     1.02996  0.000394309
v(Control)              -0.0261858    0.0395308   -0.101245  -0.0530221   -0.0269084 -0.000225432   0.0521176   0.00163944
v(PD-Off)               0.00206088    0.0327492  -0.0615537  -0.0200755   0.00203106    0.0240674   0.0666197   0.00128708
v(PD-On)                -0.0849065    0.0335627   -0.150355   -0.107921   -0.0851728   -0.0609684  -0.0199191   0.00133297
v_std                    0.0331139    0.0229136  0.00229193   0.0145168    0.0293095    0.0474079   0.0854178   0.00116595
v_subj(Control).0       -0.0204278    0.0518921   -0.116089  -0.0549364   -0.0227725    0.0132169   0.0859511    0.0016566
v_subj(Control).1       -0.0242579    0.0526925   -0.124925  -0.0588562   -0.0260628   0.00957802   0.0821189   0.00163726
v_subj(Control).2       -0.0332316    0.0513814   -0.136823  -0.0666186   -0.0328565   0.00032348   0.0634212   0.00166343
v_subj(Control).3       -0.0268628    0.0515451   -0.127621  -0.0605067   -0.0277983   0.00670764   0.0745081   0.00163687
v_subj(Control).4       -0.0304254    0.0533825   -0.137404   -0.064292   -0.0305927   0.00395948   0.0711315    0.0016373
v_subj(Control).5       -0.0307159    0.0529221   -0.137817  -0.0647796   -0.0307927   0.00350752   0.0702548    0.0016617
v_subj(Control).6       -0.0258421    0.0519986   -0.126769  -0.0598913   -0.0270715   0.00750486   0.0773955   0.00163007
v_subj(Control).7       -0.0261932    0.0521305   -0.127152  -0.0598789   -0.0274432   0.00702826   0.0780007   0.00160848
v_subj(Control).8       -0.0236003    0.0516492   -0.121983  -0.0574885   -0.0253752   0.00963377   0.0812352   0.00159949
v_subj(Control).10      -0.0245349    0.0521193   -0.123544  -0.0589674   -0.0259301   0.00891818   0.0804888   0.00163278
v_subj(Control).11      -0.0267788    0.0525171   -0.129469  -0.0608908   -0.0276866   0.00719422   0.0770038   0.00163964
v_subj(Control).12      -0.0235348    0.0514464   -0.120854  -0.0575473   -0.0249489   0.00986096   0.0795507   0.00160013
v_subj(Control).13      -0.0253831    0.0530226   -0.126862     -0.0603    -0.026753    0.0085125   0.0796756   0.00163812
v_subj(Control).14       -0.025488    0.0519446   -0.125162  -0.0594976   -0.0267667   0.00783892   0.0777883   0.00157748
v_subj(Control).15      -0.0260619    0.0515345   -0.125136  -0.0597891   -0.0271644   0.00708762   0.0766818   0.00164227
v_subj(PD-Off).0       -0.00381145    0.0464322   -0.100815  -0.0318257  -0.00322729    0.0247977   0.0883536   0.00126446
v_subj(PD-Off).1        0.00395502    0.0467848  -0.0873661  -0.0256852   0.00245127    0.0317358    0.103066   0.00131265
v_subj(PD-Off).2        0.00546253    0.0470723  -0.0856669  -0.0242127   0.00354811    0.0327671    0.105189   0.00132745
v_subj(PD-Off).3      -0.000519601    0.0459112  -0.0937159  -0.0290394  -0.00101776    0.0269906   0.0944119   0.00124183
v_subj(PD-Off).4        -0.0123267    0.0481721   -0.119122  -0.0387482  -0.00921621    0.0181391   0.0765233   0.00137275
v_subj(PD-Off).5        0.00235413     0.047817  -0.0929276  -0.0274655   0.00130643    0.0308357    0.101828   0.00128837
v_subj(PD-Off).6         0.0017146    0.0476735  -0.0921844  -0.0279662  0.000944009    0.0295449    0.100459   0.00128688
v_subj(PD-Off).7         0.0342678    0.0622939  -0.0596159 -0.00735746    0.0237263    0.0647815     0.18909   0.00220489
v_subj(PD-Off).8        0.00146312    0.0466392  -0.0915477  -0.0280084  0.000688179    0.0291552    0.098253   0.00127825
v_subj(PD-Off).9        0.00170327    0.0480619  -0.0945844  -0.0277939   0.00101836    0.0299685    0.102139    0.0012531
v_subj(PD-Off).10       0.00391225    0.0448124  -0.0838193  -0.0245557   0.00248115    0.0306799   0.0978619   0.00128922
v_subj(PD-Off).11       0.00119287     0.045331   -0.089875  -0.0272178  0.000219566     0.028497   0.0938267   0.00125635
v_subj(PD-Off).12       -0.0173113    0.0494125   -0.129986  -0.0439353   -0.0128771    0.0145877   0.0690574   0.00141172
v_subj(PD-Off).13       0.00280579    0.0470196  -0.0906858   -0.026499   0.00157004    0.0305601   0.0998917   0.00128652
v_subj(PD-Off).14       0.00434869    0.0488083  -0.0909003  -0.0262349   0.00244785    0.0324772    0.106667    0.0013069
v_subj(PD-Off).15       0.00387369    0.0474819  -0.0884757   -0.026052   0.00202515    0.0318414    0.104471   0.00129813
v_subj(PD-On).0         -0.0806586    0.0467608   -0.169917   -0.111356   -0.0817686   -0.0514341   0.0155666   0.00132271
v_subj(PD-On).1         -0.0768971    0.0482952   -0.165989   -0.108476   -0.0792402   -0.0483605   0.0264066   0.00135144
v_subj(PD-On).2          -0.117263    0.0564663   -0.249237   -0.148178    -0.111434   -0.0788451  -0.0258627   0.00208508
v_subj(PD-On).3         -0.0791115    0.0476886   -0.168497   -0.110622   -0.0810033   -0.0497053   0.0208372   0.00132467
v_subj(PD-On).4         -0.0937194    0.0483946   -0.196617   -0.123324   -0.0920665   -0.0604826 -0.00460873   0.00142006
v_subj(PD-On).5         -0.0761565    0.0491303   -0.166098   -0.108544   -0.0784336   -0.0472695   0.0294288   0.00136427
v_subj(PD-On).6         -0.0843524    0.0494588   -0.181364    -0.11529   -0.0844066   -0.0535248   0.0163187   0.00134226
v_subj(PD-On).7         -0.0644677     0.052678   -0.154426  -0.0998266   -0.0693428   -0.0357978   0.0563958   0.00159328
v_subj(PD-On).8         -0.0800309    0.0482958   -0.170276   -0.111764   -0.0814159   -0.0501703   0.0200678   0.00132587
v_subj(PD-On).9         -0.0865759    0.0480255    -0.18302   -0.116934   -0.0863726    -0.055274  0.00843343   0.00133828
v_subj(PD-On).10        -0.0894385    0.0460149    -0.18274   -0.118624   -0.0883508   -0.0585167 -0.00127611   0.00135437
v_subj(PD-On).11         -0.100604     0.051162   -0.215671   -0.129631   -0.0975327   -0.0658802  -0.0105674   0.00158516
v_subj(PD-On).12        -0.0852829    0.0465701   -0.176447   -0.115317   -0.0854309   -0.0548349  0.00749437   0.00131137
v_subj(PD-On).13        -0.0836941     0.046407   -0.174604   -0.113824   -0.0842316   -0.0537027   0.0100525   0.00131068
v_subj(PD-On).14        -0.0797326    0.0483988    -0.17014   -0.111007   -0.0813052   -0.0503496   0.0213068    0.0013408
v_subj(PD-On).15        -0.0812785    0.0472731   -0.172186   -0.112204   -0.0824537   -0.0515723   0.0160869   0.00132567
t(Control)                0.232845   0.00920777    0.214818    0.226713      0.23285      0.23893    0.251179  4.57578e-05
t(PD-Off)                 0.240733   0.00891303    0.223076    0.234844      0.24072     0.246608    0.258267  3.85979e-05
t(PD-On)                  0.226496    0.0088264    0.209142    0.220613     0.226481     0.232285    0.243974  4.34445e-05
t_std                    0.0353306   0.00393075   0.0287004   0.0325442    0.0349614     0.037741    0.044004  2.26164e-05
t_subj(Control).0          0.20125  0.000595953    0.199922    0.200888     0.201308     0.201677    0.202246  3.46716e-06
t_subj(Control).1         0.240769  0.000498568     0.23965    0.240467     0.240821     0.241125    0.241596  2.73758e-06
t_subj(Control).2         0.250676  0.000962275     0.24854    0.250088     0.250773     0.251364    0.252276  4.83474e-06
t_subj(Control).3         0.239445  0.000954335    0.237385    0.238848     0.239519     0.240125    0.241099  5.67697e-06
t_subj(Control).4         0.251916  0.000610828    0.250586    0.251539     0.251963     0.252346    0.252977  3.36908e-06
t_subj(Control).5           0.2429  0.000464398    0.241858    0.242616     0.242947     0.243233    0.243671  2.69026e-06
t_subj(Control).6         0.264291  0.000597309    0.262973    0.263927     0.264347     0.264717    0.265295  3.39376e-06
t_subj(Control).7         0.225033   0.00064754    0.223585    0.224641     0.225098     0.225495    0.226108  3.45136e-06
t_subj(Control).8         0.247452  0.000584706    0.246161    0.247096     0.247508     0.247873    0.248423  3.41967e-06
t_subj(Control).10        0.201302   0.00078856     0.19954    0.200821      0.20138     0.201861    0.202625  4.45604e-06
t_subj(Control).11        0.211908  0.000465115    0.210869     0.21163     0.211954     0.212243    0.212681  2.53315e-06
t_subj(Control).12        0.229592  0.000733967    0.227957    0.229143     0.229665      0.23012    0.230815  4.10736e-06
t_subj(Control).13        0.244743  0.000525563    0.243566    0.244425     0.244797     0.245117    0.245612  2.76017e-06
t_subj(Control).14        0.201564  0.000721405    0.199974    0.201119     0.201626     0.202077    0.202783  4.43259e-06
t_subj(Control).15        0.239992  0.000811087    0.238214    0.239495     0.240059     0.240569    0.241378  4.88019e-06
t_subj(PD-Off).0          0.249743   0.00102085    0.247524    0.249111     0.249828     0.250463    0.251501  6.33356e-06
t_subj(PD-Off).1          0.187371  0.000801497    0.185575    0.186885     0.187448     0.187944     0.18871  4.46146e-06
t_subj(PD-Off).2          0.245542   0.00129357    0.242701    0.244744     0.245646     0.246451    0.247777  7.58614e-06
t_subj(PD-Off).3          0.232669  0.000988578    0.230462    0.232075     0.232764     0.233371    0.234318  6.36122e-06
t_subj(PD-Off).4          0.263951   0.00123646    0.261266    0.263173     0.264042     0.264822    0.266114    7.359e-06
t_subj(PD-Off).5           0.22803  0.000871195    0.226117    0.227493     0.228101     0.228656    0.229517  5.28616e-06
t_subj(PD-Off).6          0.230444  0.000580583    0.229148    0.230092     0.230503     0.230858    0.231407  3.76509e-06
t_subj(PD-Off).7          0.185928   0.00275706    0.179702    0.184288     0.186249     0.187892    0.190421   1.7508e-05
t_subj(PD-Off).8          0.199406  0.000808339    0.197614    0.198913     0.199487     0.199988    0.200754  4.58973e-06
t_subj(PD-Off).9          0.221751  0.000516797    0.220594    0.221443     0.221805     0.222121    0.222606  3.33817e-06
t_subj(PD-Off).10         0.333403   0.00157523    0.329963     0.33243     0.333532     0.334522    0.336105  8.55553e-06
t_subj(PD-Off).11         0.254583   0.00143224    0.251404    0.253705     0.254721      0.25561    0.256988  8.73066e-06
t_subj(PD-Off).12         0.306761   0.00113719    0.304251    0.306064     0.306864     0.307571    0.308683  7.27273e-06
t_subj(PD-Off).13         0.256665   0.00102837    0.254367    0.256044     0.256772       0.2574     0.25836  6.93432e-06
t_subj(PD-Off).14          0.21857  0.000558437    0.217333    0.218231     0.218619     0.218965    0.219514  3.53557e-06
t_subj(PD-Off).15         0.236261  0.000739062    0.234628    0.235803     0.236328     0.236783    0.237518  4.28645e-06
t_subj(PD-On).0            0.22249  0.000942012    0.220375    0.221922     0.222587     0.223154    0.224071  4.82835e-06
t_subj(PD-On).1           0.204467  0.000755692    0.202794    0.204009     0.204543     0.205006     0.20572  4.44361e-06
t_subj(PD-On).2           0.216226   0.00165268    0.212543     0.21522     0.216396     0.217414    0.218954  1.03592e-05
t_subj(PD-On).3           0.216697  0.000933775    0.214668    0.216119     0.216771     0.217359    0.218301  5.71932e-06
t_subj(PD-On).4           0.235347  0.000984919    0.233172    0.234744     0.235435     0.236047    0.237012   5.5436e-06
t_subj(PD-On).5           0.198076  0.000891958    0.196118    0.197527     0.198154     0.198714    0.199584  4.97727e-06
t_subj(PD-On).6           0.220375  0.000370724    0.219544    0.220153     0.220413      0.22064    0.220991  2.20134e-06
t_subj(PD-On).7           0.236166   0.00188897    0.231975    0.235009      0.23634     0.237508    0.239347   1.0688e-05
t_subj(PD-On).8           0.185289   0.00058668    0.183983    0.184933     0.185348     0.185706    0.186267  3.42804e-06
t_subj(PD-On).9           0.200773  0.000701445    0.199195     0.20035     0.200839     0.201272    0.201953  3.85817e-06
t_subj(PD-On).10          0.320115   0.00109854    0.317638    0.319457     0.320224     0.320902    0.321936  5.97894e-06
t_subj(PD-On).11          0.233608   0.00113423    0.231144    0.232897     0.233704     0.234412    0.235561  7.12341e-06
t_subj(PD-On).12          0.309609   0.00126933    0.306873     0.30881     0.309708     0.310505    0.311814   7.1461e-06
t_subj(PD-On).13          0.247556   0.00121723    0.244927    0.246796     0.247651     0.248424     0.24964  7.24553e-06
t_subj(PD-On).14          0.182515  0.000567981    0.181226    0.182176     0.182577      0.18292    0.183443  2.85602e-06
t_subj(PD-On).15          0.194911  0.000702881    0.193343    0.194489     0.194984     0.195414    0.196078  4.00547e-06
z                         0.702063   0.00819344    0.685854    0.696752     0.702091     0.707347    0.718482  4.81776e-05
z_std                     0.143537    0.0325834    0.094342    0.120551      0.13878     0.161065    0.220833  0.000251792
z_subj.0                  0.700354   0.00849938    0.683631    0.694585     0.700401      0.70613    0.717039  8.32275e-05
z_subj.1                  0.725285   0.00927407    0.706961    0.719117     0.725315     0.731539    0.743357  9.87737e-05
z_subj.2                   0.67702   0.00843388    0.660163    0.671392     0.677114     0.682699    0.693457  6.84236e-05
z_subj.3                  0.718924   0.00869965    0.701711    0.713149      0.71897     0.724799     0.73599  7.63474e-05
z_subj.4                  0.683175   0.00899525    0.665214    0.677162     0.683279     0.689219    0.700618  8.92471e-05
z_subj.5                  0.724044   0.00920915    0.705852    0.717895     0.724135     0.730242    0.741866  9.56193e-05
z_subj.6                  0.736761   0.00933008    0.718209    0.730471     0.736893     0.743099    0.754855  0.000121077
z_subj.7                   0.64104    0.0100325    0.620975    0.634424     0.641108      0.64787    0.660426  7.28198e-05
z_subj.8                  0.724568   0.00915208    0.706274    0.718488     0.724785     0.730754    0.742202  9.46035e-05
z_subj.9                  0.708155    0.0109845    0.686108    0.700859     0.708292     0.715629    0.729106  0.000111544
z_subj.10                 0.681514   0.00856675    0.664646    0.675751     0.681571     0.687333     0.69804  7.54369e-05
z_subj.11                 0.671367   0.00910236    0.653034    0.665316     0.671502      0.67758    0.688907  7.61331e-05
z_subj.12                  0.68594   0.00843568    0.669104    0.680287      0.68602     0.691664    0.702215  7.02626e-05
z_subj.13                 0.698075   0.00900101    0.680086    0.692074     0.698115      0.70417    0.715466    7.079e-05
z_subj.14                 0.731335   0.00969368    0.711951    0.724854      0.73152     0.737897    0.749933  0.000112235
z_subj.15                 0.715573   0.00927265    0.697392    0.709385     0.715556     0.721828    0.733744  9.91778e-05
DIC: -24489.865514
deviance: -24711.556908
pD: 221.691394