                             mean          std        2.5q         25q         50q          75q      97.5q       mc err
a(LH.Control)              1.0025    0.0414107    0.921507    0.974608     1.00253      1.03021    1.08366  0.000221038
a(LH.PD-Off)                1.099    0.0407409     1.01922      1.0717     1.09868      1.12632    1.17983   0.00023439
a(LH.PD-On)               1.14613    0.0409727     1.06638     1.11839     1.14577      1.17378    1.22699  0.000296232
a(LL.Control)             1.02454    0.0420101    0.941966    0.996264     1.02459      1.05254    1.10717  0.000239896
a(LL.PD-Off)              1.01297    0.0398869    0.936219    0.985747     1.01292      1.03978    1.09131   0.00024994
a(LL.PD-On)               1.10883    0.0409918     1.02799     1.08122     1.10901      1.13624    1.18913  0.000269687
a(SH.Control)            0.973746    0.0412665    0.893391    0.946137    0.973462      1.00135    1.05597  0.000247267
a(SH.PD-Off)              1.08513    0.0404869     1.00638     1.05807     1.08491      1.11217    1.16515  0.000262788
a(SH.PD-On)               1.11016    0.0408074     1.03108     1.08267     1.10988      1.13737    1.19066  0.000275611
a(SL.Control)             0.88337    0.0405969    0.803992    0.856135    0.883082     0.910481   0.963542  0.000223857
a(SL.PD-Off)              1.07292    0.0405243    0.993869     1.04545     1.07259      1.10015    1.15297  0.000273433
a(SL.PD-On)              0.948346    0.0392181    0.870697    0.922028    0.948756     0.974687    1.02457  0.000246096
a_std                    0.145546    0.0100067    0.127034     0.13862    0.145103     0.152028   0.166417  9.08883e-05
a_subj(LH.Control).0      0.90648    0.0525097    0.807589    0.870203    0.905047     0.941034    1.01312  0.000326556
a_subj(LH.Control).1     0.980566    0.0606446    0.866306    0.938693    0.978974      1.02095    1.10339  0.000383306
a_subj(LH.Control).2       1.0888    0.0625985    0.970044     1.04552     1.08737      1.13033    1.21565  0.000316646
a_subj(LH.Control).3     0.893256     0.053784    0.792513    0.856275    0.891479     0.928399    1.00424   0.00035131
a_subj(LH.Control).4      0.72176    0.0425132    0.643099    0.692366    0.720114     0.749427   0.810655  0.000328953
a_subj(LH.Control).5     0.988911    0.0623997    0.871526    0.945959    0.987516      1.03044    1.11547  0.000420851
a_subj(LH.Control).6      1.20021    0.0755181     1.05662     1.14868     1.19833      1.24971    1.35382  0.000606001
a_subj(LH.Control).7     0.858398    0.0461707    0.771627    0.826478    0.857255     0.888817   0.952693   0.00024202
a_subj(LH.Control).8      1.13159     0.070653    0.998282     1.08313     1.12956      1.17802    1.27558   0.00048904
a_subj(LH.Control).10      1.0279    0.0578951    0.919429    0.988033     1.02636      1.06607    1.14625  0.000305449
a_subj(LH.Control).11    0.970536    0.0563643    0.864447    0.931692    0.968859      1.00796    1.08511  0.000321372
a_subj(LH.Control).12     1.17804    0.0708799     1.04446      1.1291      1.1763       1.2248    1.32184  0.000410498
a_subj(LH.Control).13    0.855133    0.0493058    0.762584    0.821038    0.853768     0.887848   0.956193  0.000263559
a_subj(LH.Control).14     1.16844    0.0760199     1.02572     1.11642     1.16676       1.2183    1.32305  0.000515423
a_subj(LH.Control).15     1.06542    0.0533745    0.964938     1.02879      1.0639      1.10075    1.17358  0.000359892
a_subj(LH.PD-Off).0      0.994683    0.0537554    0.893785     0.95777    0.993075      1.02986    1.10464  0.000299112
a_subj(LH.PD-Off).1       1.25869    0.0758166     1.11562     1.20656     1.25715      1.30923    1.41141  0.000555743
a_subj(LH.PD-Off).2       1.05353    0.0543808    0.951794     1.01626     1.05169      1.08902    1.16548  0.000283136
a_subj(LH.PD-Off).3       1.14863    0.0658836     1.02475     1.10319     1.14724      1.19234    1.28192  0.000356065
a_subj(LH.PD-Off).4       1.11335    0.0607621    0.999361     1.07097     1.11155      1.15375    1.23645  0.000378756
a_subj(LH.PD-Off).5       1.09587     0.065332    0.973357      1.0509     1.09423      1.13887    1.22945  0.000448393
a_subj(LH.PD-Off).6       1.09357    0.0685748     0.96433     1.04644     1.09163      1.13906    1.23389  0.000516119
a_subj(LH.PD-Off).7       1.16124    0.0710591     1.02753     1.11198     1.15949      1.20804    1.30629  0.000324621
a_subj(LH.PD-Off).8       1.24405    0.0775367     1.09844     1.19082     1.24248      1.29518    1.40079  0.000597045
a_subj(LH.PD-Off).9      0.971621    0.0619256    0.854801    0.929221    0.970066      1.01243    1.09806  0.000405986
a_subj(LH.PD-Off).10      1.33065     0.067986     1.20342     1.28385     1.32873      1.37572    1.46784  0.000346231
a_subj(LH.PD-Off).11      1.02875    0.0542943    0.926091    0.991362     1.02714      1.06448    1.14013   0.00030091
a_subj(LH.PD-Off).12      1.00459    0.0530351     0.90495    0.968169     1.00327      1.03934    1.11282  0.000291916
a_subj(LH.PD-Off).13       1.0339    0.0546252    0.931321    0.996169     1.03217      1.06997    1.14566  0.000260906
a_subj(LH.PD-Off).14     0.928186    0.0605395    0.813442    0.886544    0.926889     0.968046    1.05162  0.000491348
a_subj(LH.PD-Off).15      1.12482    0.0702363    0.992733     1.07644      1.1229      1.17115    1.26695  0.000475871
a_subj(LH.PD-On).0        1.29402    0.0722405     1.15711     1.24417     1.29231      1.34218    1.43953  0.000405597
a_subj(LH.PD-On).1        1.15197     0.069179     1.02089     1.10444     1.15062      1.19757    1.29214  0.000494636
a_subj(LH.PD-On).2        1.26302    0.0627208      1.1447     1.21993     1.26105      1.30441    1.39013  0.000338763
a_subj(LH.PD-On).3        1.25859    0.0744917       1.117     1.20739     1.25703      1.30838    1.40924  0.000435358
a_subj(LH.PD-On).4        1.03652    0.0568545    0.929547    0.997135     1.03531      1.07413    1.15088  0.000265586
a_subj(LH.PD-On).5        1.15795     0.071825     1.02092     1.10921     1.15689      1.20557    1.30192  0.000478058
a_subj(LH.PD-On).6       0.924272    0.0604423    0.810104    0.882913    0.922407     0.964418    1.04678  0.000499535
a_subj(LH.PD-On).7        1.08632    0.0558994    0.979992     1.04824       1.085      1.12342    1.19832  0.000284526
a_subj(LH.PD-On).8         1.1456    0.0717485      1.0104     1.09616     1.14413      1.19339    1.29053  0.000434423
a_subj(LH.PD-On).9       0.918097    0.0502683    0.824183    0.883477    0.916152     0.950863    1.02105   0.00031187
a_subj(LH.PD-On).10       1.23765    0.0642913     1.11597     1.19358     1.23617      1.28007    1.36838  0.000324487
a_subj(LH.PD-On).11       1.02293    0.0602915    0.909337    0.981334     1.02183      1.06315    1.14552  0.000336469
a_subj(LH.PD-On).12       1.19605    0.0606295     1.08257     1.15435     1.19455      1.23614    1.31842  0.000320462
a_subj(LH.PD-On).13       1.21451    0.0703996     1.08109     1.16596     1.21286      1.26121    1.35757  0.000376416
a_subj(LH.PD-On).14       1.11733     0.071201    0.981582     1.06871     1.11589      1.16415    1.26147  0.000515881
a_subj(LH.PD-On).15       1.31097    0.0818223     1.15474     1.25512      1.3093      1.36583    1.47445  0.000573867
a_subj(LL.Control).0      1.11329    0.0615685    0.997609      1.0706     1.11137      1.15414    1.23875  0.000354559
a_subj(LL.Control).1      1.00841    0.0653976    0.885708    0.963633     1.00685      1.05168    1.14082  0.000451441
a_subj(LL.Control).2      1.08993    0.0618128    0.973992     1.04717     1.08825      1.13111    1.21574   0.00031266
a_subj(LL.Control).3      1.03742    0.0620222    0.921452    0.994716     1.03528      1.07856    1.16456  0.000417296
a_subj(LL.Control).4     0.771784    0.0448494    0.687818    0.740983    0.770248     0.801418   0.862816  0.000282333
a_subj(LL.Control).5     0.793214    0.0476851    0.704891    0.760129    0.791394     0.824464    0.89231  0.000341538
a_subj(LL.Control).6      1.21317    0.0781442      1.0649     1.15943     1.21126      1.26534    1.37096  0.000613289
a_subj(LL.Control).7      0.90999    0.0527779    0.811176    0.873461    0.908648     0.944484    1.01847  0.000278824
a_subj(LL.Control).8      1.17273    0.0726693     1.03552     1.12236     1.17112      1.22085    1.31941  0.000494655
a_subj(LL.Control).10     1.07295     0.063149    0.954882     1.02912     1.07136      1.11481    1.20074  0.000325206
a_subj(LL.Control).11    0.863222    0.0496227    0.770716    0.828695    0.862099     0.895906   0.964672  0.000263481
a_subj(LL.Control).12     1.19647    0.0716447     1.06098     1.14755     1.19503      1.24388    1.34202  0.000433764
a_subj(LL.Control).13    0.903364    0.0529694    0.803119    0.866724    0.901788     0.938733    1.01045  0.000299866
a_subj(LL.Control).14     1.28311     0.081546     1.12764     1.22718     1.28079       1.3374    1.44764  0.000619703
a_subj(LL.Control).15    0.942595    0.0548704    0.840331    0.904618    0.940894     0.978803    1.05465  0.000401385
a_subj(LL.PD-Off).0       1.02591    0.0542297    0.923988    0.988604     1.02451      1.06159    1.13605  0.000332703
a_subj(LL.PD-Off).1       1.18928    0.0748785     1.04805      1.1377     1.18786      1.23921    1.33969  0.000505659
a_subj(LL.PD-Off).2      0.956814    0.0481427    0.866325    0.923731    0.955505       0.9885    1.05422  0.000229404
a_subj(LL.PD-Off).3      0.961978    0.0536091    0.862793    0.924971    0.959941     0.996956    1.07279  0.000330559
a_subj(LL.PD-Off).4       1.15546    0.0680522     1.02605     1.10873     1.15382      1.20016    1.29381  0.000393883
a_subj(LL.PD-Off).5       1.07649    0.0676668    0.949075     1.02981     1.07492       1.1214    1.21444  0.000449674
a_subj(LL.PD-Off).6      0.942017    0.0614615    0.825996    0.899533    0.940217     0.982311    1.06794  0.000490189
a_subj(LL.PD-Off).7       1.12078    0.0775202    0.976608     1.06675     1.11787      1.17193    1.27855  0.000404326
a_subj(LL.PD-Off).8       1.10111    0.0652808    0.978934     1.05613     1.09962      1.14432    1.23336  0.000391694
a_subj(LL.PD-Off).9      0.745758    0.0441105     0.66403    0.715186     0.74408      0.77493    0.83572  0.000282127
a_subj(LL.PD-Off).10      1.13728    0.0573064     1.02978     1.09751     1.13552      1.17535    1.25313  0.000327043
a_subj(LL.PD-Off).11      1.14981    0.0561068      1.0437     1.11153     1.14818      1.18655    1.26413  0.000270818
a_subj(LL.PD-Off).12     0.963538    0.0505782    0.868185    0.928406    0.962412     0.996801     1.0666  0.000272436
a_subj(LL.PD-Off).13      1.06702    0.0646507    0.946249     1.02264     1.06515      1.10926    1.19812  0.000394009
a_subj(LL.PD-Off).14     0.775723    0.0485641    0.686167    0.742034    0.774109     0.807254   0.876525  0.000360707
a_subj(LL.PD-Off).15     0.841014     0.054956    0.739294    0.802489    0.838771     0.876991   0.954046  0.000386345
a_subj(LL.PD-On).0        1.13801    0.0577623     1.02811     1.09836     1.13638      1.17632    1.25559  0.000319293
a_subj(LL.PD-On).1        1.20063    0.0697685     1.06784     1.15269     1.19907      1.24669     1.3422  0.000484319
a_subj(LL.PD-On).2        1.22831    0.0602706     1.11528     1.18711     1.22673      1.26814    1.35117  0.000280061
a_subj(LL.PD-On).3        1.14546    0.0681705     1.01681     1.09875     1.14381      1.19019    1.28512   0.00041653
a_subj(LL.PD-On).4        1.19357    0.0701387     1.06131     1.14556     1.19193      1.23971    1.33568  0.000463291
a_subj(LL.PD-On).5       0.887054    0.0553874    0.784766    0.848253    0.884914     0.923683    1.00108  0.000350995
a_subj(LL.PD-On).6       0.714481    0.0499938    0.620921     0.68027    0.713134     0.746992   0.816819   0.00043496
a_subj(LL.PD-On).7        1.00068     0.060151     0.88871    0.958902    0.998968      1.04018    1.12324  0.000342913
a_subj(LL.PD-On).8        1.17413    0.0696236     1.04163     1.12637     1.17278      1.22035    1.31351  0.000458868
a_subj(LL.PD-On).9        1.04048    0.0654501    0.916295     0.99548     1.03892      1.08377    1.17322  0.000443601
a_subj(LL.PD-On).10       1.29692    0.0657057      1.1737     1.25171     1.29507      1.33991    1.43068  0.000426138
a_subj(LL.PD-On).11       1.00554    0.0610935    0.889328    0.963708     1.00408      1.04615    1.12884   0.00036866
a_subj(LL.PD-On).12       1.12302    0.0586278     1.01259     1.08282     1.12151      1.16191     1.2417  0.000300496
a_subj(LL.PD-On).13       1.29155     0.072905     1.15411     1.24162     1.28966      1.33936    1.43845  0.000430601
a_subj(LL.PD-On).14       1.14305    0.0740485     1.00228     1.09227     1.14166      1.19207    1.29278  0.000537409
a_subj(LL.PD-On).15       1.15991    0.0710221     1.02492     1.11116     1.15842      1.20656    1.30424  0.000477646
a_subj(SH.Control).0        1.079    0.0630684    0.960485     1.03543     1.07767      1.12056    1.20759  0.000412576
a_subj(SH.Control).1     0.953834    0.0587579    0.843352    0.913125    0.952083     0.992904    1.07324  0.000407665
a_subj(SH.Control).2      1.01571    0.0505447    0.920459    0.980768     1.01413      1.04886    1.11884    0.0002619
a_subj(SH.Control).3      1.11242    0.0649233    0.990373     1.06763     1.11053       1.1553    1.24385  0.000391792
a_subj(SH.Control).4     0.881788    0.0509812    0.785446    0.846965     0.88045     0.915465   0.985311  0.000338237
a_subj(SH.Control).5     0.988512    0.0579288    0.878917    0.948708    0.986823      1.02728    1.10575  0.000339576
a_subj(SH.Control).6      1.17665    0.0725833      1.0399     1.12662     1.17449       1.2245    1.32483  0.000571157
a_subj(SH.Control).7     0.855853    0.0438205    0.774052    0.825249    0.854639     0.885026   0.945415  0.000261723
a_subj(SH.Control).8     0.841416    0.0516032    0.745775    0.805636    0.839411     0.875656    0.94665   0.00037372
a_subj(SH.Control).10    0.880381    0.0516716    0.784468    0.844657    0.878742     0.914273   0.986702  0.000320055
a_subj(SH.Control).11    0.739149    0.0390903    0.665744    0.712142    0.738037       0.7647    0.81959  0.000208623
a_subj(SH.Control).12     1.08936    0.0658223    0.965308     1.04414     1.08776       1.1328    1.22235  0.000356107
a_subj(SH.Control).13    0.882148    0.0532353    0.782521     0.84499    0.880866     0.917255   0.991542  0.000346123
a_subj(SH.Control).14     1.04638    0.0686531     0.91686    0.999398     1.04471      1.09141    1.18604  0.000533671
a_subj(SH.Control).15     1.06539    0.0644479    0.943591     1.02132     1.06376      1.10799    1.19682  0.000479922
a_subj(SH.PD-Off).0       1.05139    0.0592679    0.939664      1.0102     1.04976       1.0908    1.17171  0.000353317
a_subj(SH.PD-Off).1       1.31363    0.0809397     1.16002     1.25827     1.31199      1.36746    1.47681  0.000578346
a_subj(SH.PD-Off).2      0.971816    0.0483545    0.880659    0.938712    0.970515      1.00392    1.06944  0.000233974
a_subj(SH.PD-Off).3       1.30783    0.0795087     1.15692     1.25385     1.30598      1.36002     1.4684  0.000508285
a_subj(SH.PD-Off).4       1.10438    0.0594837    0.992441     1.06323     1.10285      1.14371    1.22635   0.00030783
a_subj(SH.PD-Off).5       1.06202    0.0645003    0.940482     1.01774     1.06007       1.1044    1.19249  0.000425443
a_subj(SH.PD-Off).6      0.872152    0.0536865    0.773001    0.834889    0.870142     0.907363   0.982575  0.000434783
a_subj(SH.PD-Off).7       1.05604    0.0617109    0.940609     1.01336     1.05426      1.09665    1.18234  0.000297575
a_subj(SH.PD-Off).8      0.989867    0.0596215    0.878581    0.948659    0.987582      1.02872    1.11294  0.000415206
a_subj(SH.PD-Off).9       1.03228    0.0643668    0.910462    0.987795     1.03074       1.0749    1.16195  0.000383139
a_subj(SH.PD-Off).10      1.18375    0.0612689     1.06817     1.14145     1.18212      1.22434     1.3078  0.000318483
a_subj(SH.PD-Off).11      1.09871    0.0506715     1.00294     1.06392     1.09747      1.13233    1.20105   0.00021897
a_subj(SH.PD-Off).12      1.02084     0.049012    0.928395    0.987691     1.01926      1.05239     1.1211  0.000252084
a_subj(SH.PD-Off).13      1.14313    0.0624405      1.0262     1.09982     1.14163      1.18411    1.26995  0.000314115
a_subj(SH.PD-Off).14     0.895546    0.0594433    0.784266    0.854321    0.893758     0.934743    1.01642  0.000409229
a_subj(SH.PD-Off).15      1.25473    0.0791375     1.10472      1.2006     1.25271      1.30721    1.41551  0.000582477
a_subj(SH.PD-On).0        1.08428    0.0604035    0.970879     1.04295     1.08265      1.12465    1.20627  0.000307815
a_subj(SH.PD-On).1        1.05062    0.0632493    0.933627     1.00674     1.04852      1.09185    1.18114  0.000446555
a_subj(SH.PD-On).2        1.24875    0.0618682     1.13179     1.20623     1.24713      1.28986    1.37438  0.000354523
a_subj(SH.PD-On).3       0.922442    0.0510876     0.82755    0.886988    0.920679      0.95571     1.0283  0.000337007
a_subj(SH.PD-On).4        1.03092    0.0599316    0.917276    0.990098     1.02953       1.0707    1.15238  0.000406251
a_subj(SH.PD-On).5        1.31807    0.0845727     1.15697     1.26019     1.31642      1.37413    1.48859  0.000541052
a_subj(SH.PD-On).6        1.06284    0.0686499    0.933853     1.01555     1.06124      1.10857    1.20183  0.000524737
a_subj(SH.PD-On).7        1.04452     0.050915    0.947903     1.00944     1.04362      1.07821    1.14745  0.000226176
a_subj(SH.PD-On).8        1.07276    0.0649145    0.950269       1.028     1.07137      1.11567     1.2037  0.000482458
a_subj(SH.PD-On).9        1.00991     0.063924    0.889101    0.965709     1.00796      1.05192    1.13924  0.000403151
a_subj(SH.PD-On).10       1.13869    0.0583123     1.02951     1.09882     1.13698      1.17664    1.25826  0.000312116
a_subj(SH.PD-On).11      0.986954    0.0576319    0.879302    0.946968    0.985137      1.02506    1.10429  0.000344722
a_subj(SH.PD-On).12        1.0375    0.0491093    0.945615     1.00396     1.03625      1.06946    1.13773  0.000266437
a_subj(SH.PD-On).13       1.23473    0.0714478     1.10104     1.18534     1.23314      1.28152     1.3802  0.000409482
a_subj(SH.PD-On).14       1.18952    0.0763496     1.04348     1.13743     1.18808      1.24073    1.34292  0.000595138
a_subj(SH.PD-On).15       1.33106    0.0824014     1.17445     1.27453     1.32925      1.38551    1.49851  0.000613127
a_subj(SL.Control).0     0.849173     0.051506    0.752863    0.813832    0.847455     0.882399   0.955604  0.000350287
a_subj(SL.Control).1     0.787307    0.0510246    0.692866    0.751596    0.785521      0.82059   0.892617  0.000393358
a_subj(SL.Control).2     0.912104    0.0486139    0.821964    0.878385    0.910158     0.943783    1.01142  0.000283387
a_subj(SL.Control).3      1.15877    0.0692762     1.02715     1.11107     1.15751      1.20431    1.29858  0.000408352
a_subj(SL.Control).4     0.742321    0.0429199    0.662469    0.712513    0.740921     0.770597   0.830463  0.000261963
a_subj(SL.Control).5     0.950102    0.0616695    0.832972     0.90776    0.948988     0.991289    1.07435  0.000384784
a_subj(SL.Control).6     0.841779    0.0550395    0.738404    0.803872    0.840073      0.87773   0.954614  0.000436223
a_subj(SL.Control).7     0.716337    0.0346135     0.65207    0.692216    0.715245     0.738854   0.787628  0.000232493
a_subj(SL.Control).8      1.13415    0.0714341    0.999423       1.085     1.13303      1.18133    1.27834  0.000451055
a_subj(SL.Control).10      1.0461    0.0600932    0.932591      1.0046     1.04468      1.08603    1.16659  0.000364086
a_subj(SL.Control).11    0.660155    0.0364905    0.592557    0.635061      0.6588     0.684061   0.735236  0.000211676
a_subj(SL.Control).12    0.911643    0.0526778    0.813199     0.87514    0.909732     0.946073      1.019  0.000306169
a_subj(SL.Control).13    0.678089    0.0360753    0.610975    0.652996    0.676886     0.701941    0.75267  0.000196971
a_subj(SL.Control).14     0.94995    0.0582809    0.841254    0.909479    0.948032     0.988839    1.06853  0.000462364
a_subj(SL.Control).15    0.918584    0.0527447    0.818539    0.882194    0.917439     0.953435    1.02535   0.00035218
a_subj(SL.PD-Off).0       1.18119    0.0596766     1.06835     1.14009     1.17945      1.22115    1.30293  0.000302445
a_subj(SL.PD-Off).1       1.02552    0.0628091    0.907897    0.982135     1.02359      1.06711    1.15371  0.000393818
a_subj(SL.PD-Off).2       1.06846    0.0546827    0.965893     1.03084     1.06679      1.10416    1.17975  0.000281343
a_subj(SL.PD-Off).3       1.27289    0.0770497     1.12705     1.22002     1.27114      1.32394    1.42827  0.000507127
a_subj(SL.PD-Off).4      0.843443    0.0465088    0.757427    0.811421    0.841773     0.873637     0.9403  0.000324474
a_subj(SL.PD-Off).5      0.920954    0.0603777    0.808488    0.879398    0.919124     0.960279    1.04482  0.000432416
a_subj(SL.PD-Off).6       1.09423    0.0666442    0.966668     1.04868     1.09293      1.13836    1.22756   0.00049193
a_subj(SL.PD-Off).7      0.912164    0.0500737    0.819801    0.877259    0.910769     0.945047    1.01489  0.000301937
a_subj(SL.PD-Off).8       1.17574    0.0682582      1.0482     1.12829     1.17402       1.2208    1.31595   0.00041622
a_subj(SL.PD-Off).9       1.01667    0.0674089    0.889253    0.970058     1.01524      1.06145    1.15191  0.000430787
a_subj(SL.PD-Off).10      1.15402    0.0546772     1.05252     1.11627     1.15209      1.18998    1.26529  0.000284187
a_subj(SL.PD-Off).11       1.1311    0.0558895     1.02574     1.09246     1.12952      1.16819    1.24397  0.000318757
a_subj(SL.PD-Off).12      1.16774    0.0566928     1.06018     1.12867     1.16618      1.20523     1.2828  0.000279437
a_subj(SL.PD-Off).13      0.95337    0.0572783    0.847116    0.913539    0.951143     0.990759    1.07176  0.000378569
a_subj(SL.PD-Off).14      1.03661    0.0666314    0.911592    0.991127     1.03441      1.08041    1.17319  0.000536002
a_subj(SL.PD-Off).15       1.2072    0.0757904     1.06316     1.15536      1.2059      1.25771    1.35995  0.000518549
a_subj(SL.PD-On).0        1.12407    0.0568682      1.0175     1.08502     1.12229      1.16087    1.24038  0.000303086
a_subj(SL.PD-On).1        1.03942    0.0607287    0.925372    0.997379     1.03797      1.07944     1.1633  0.000384804
a_subj(SL.PD-On).2         1.0065    0.0496169    0.913834    0.972381     1.00463       1.0388    1.10958  0.000251835
a_subj(SL.PD-On).3       0.956657    0.0514383    0.860491    0.920993    0.954907      0.99013    1.06222  0.000339312
a_subj(SL.PD-On).4       0.880043    0.0511197    0.785199    0.844605    0.877946     0.913537   0.985488  0.000334113
a_subj(SL.PD-On).5       0.959968    0.0586373    0.850722    0.919422     0.95759     0.998679    1.07979  0.000359934
a_subj(SL.PD-On).6       0.852021    0.0545866     0.74751    0.814713    0.850791     0.887976   0.962257  0.000443004
a_subj(SL.PD-On).7       0.907621    0.0453581    0.822374    0.876406    0.906206     0.937296    1.00076  0.000245596
a_subj(SL.PD-On).8       0.919538    0.0561781     0.81402    0.880677    0.917805     0.956417    1.03352  0.000410503
a_subj(SL.PD-On).9        1.02088    0.0654892    0.897856     0.97575     1.01901       1.0642    1.15385   0.00045717
a_subj(SL.PD-On).10       1.01417    0.0529304    0.914576    0.977474     1.01265       1.0491    1.12148  0.000313372
a_subj(SL.PD-On).11      0.704877    0.0368818    0.636364     0.67929    0.703697      0.72882    0.78015  0.000244813
a_subj(SL.PD-On).12       1.05576    0.0536913    0.954999     1.01889     1.05448      1.09118    1.16444  0.000279125
a_subj(SL.PD-On).13       0.95515    0.0539217    0.855705    0.917701    0.952836     0.990487     1.0675  0.000350871
a_subj(SL.PD-On).14      0.867675    0.0567295    0.762124    0.828588    0.865318     0.905029   0.984308  0.000415453
a_subj(SL.PD-On).15      0.909288     0.059675    0.797472    0.868041    0.907077     0.948504    1.03117  0.000410669
v(LH.Control)          -0.0181591    0.0680046   -0.152882  -0.0665395  -0.0174626    0.0358208   0.103464   0.00459291
v(LH.PD-Off)           0.00890562    0.0590335   -0.109806  -0.0323218   0.0127341    0.0493135   0.119192   0.00394155
v(LH.PD-On)             -0.147697    0.0572501   -0.265685   -0.188751   -0.143516    -0.107385 -0.0419864   0.00362784
v(LL.Control)           -0.011437    0.0685421   -0.137219  -0.0641821  -0.0097565    0.0351745   0.120724   0.00472481
v(LL.PD-Off)           -0.0113806    0.0659457    -0.12267  -0.0603356  -0.0123284    0.0331408   0.124126   0.00450964
v(LL.PD-On)            -0.0308272    0.0593019   -0.150069   -0.069113  -0.0269248   0.00655692  0.0824663   0.00377936
v(SH.Control)          -0.0211558    0.0718699   -0.164558  -0.0701677  -0.0207795    0.0316153   0.120889   0.00509356
v(SH.PD-Off)            0.0329194    0.0581625  -0.0863312 -0.00353335   0.0313262    0.0756657   0.140492   0.00376228
v(SH.PD-On)             -0.100255    0.0611135   -0.211815   -0.144235   -0.100792   -0.0595193  0.0201734   0.00420615
v(SL.Control)           -0.065532     0.082112   -0.230948   -0.120603  -0.0582476   -0.0099861  0.0939933   0.00617458
v(SL.PD-Off)          -0.00586577    0.0629389   -0.123721  -0.0491313  -0.0076748    0.0365355   0.126546   0.00432473
v(SL.PD-On)            -0.0844507    0.0675557   -0.206637   -0.135365  -0.0846009   -0.0347177  0.0334231   0.00475199
v_std                   0.0237714    0.0172924  0.00116614   0.0095885   0.0207506    0.0340289   0.065012   0.00138395
v_subj(LH.Control).0   -0.0181975    0.0734319   -0.161316  -0.0701954  -0.0177262    0.0396541   0.117721   0.00459372
v_subj(LH.Control).1   -0.0167872    0.0732408   -0.158785  -0.0688871  -0.0163952     0.040801   0.121329   0.00459185
v_subj(LH.Control).2   -0.0200066    0.0731175   -0.163689  -0.0720393  -0.0190701    0.0378919   0.113881   0.00458364
v_subj(LH.Control).3   -0.0176115    0.0731309   -0.160247  -0.0697711  -0.0166859    0.0403431   0.117973   0.00459041
v_subj(LH.Control).4   -0.0175304    0.0736236   -0.161258  -0.0696493  -0.0168835    0.0400307   0.119652    0.0045919
v_subj(LH.Control).5   -0.0198251    0.0732611   -0.162511  -0.0720685  -0.0186813    0.0379102   0.114601   0.00458725
v_subj(LH.Control).6   -0.0185493    0.0730233    -0.16142  -0.0704072   -0.017807    0.0386502   0.116443    0.0045794
v_subj(LH.Control).7   -0.0181706    0.0735887   -0.161748  -0.0706664  -0.0174866     0.040207   0.117555   0.00459197
v_subj(LH.Control).8    -0.018059    0.0729444   -0.160441  -0.0701159  -0.0172385    0.0393685   0.117263   0.00457182
v_subj(LH.Control).10  -0.0178003    0.0731438   -0.159909  -0.0701018  -0.0172278    0.0397963   0.118405   0.00457205
v_subj(LH.Control).11  -0.0178897    0.0730869   -0.160469   -0.069827  -0.0174454    0.0396632   0.117526    0.0045796
v_subj(LH.Control).12  -0.0184394    0.0725134    -0.16046  -0.0702928   -0.017802    0.0391416   0.115869   0.00456476
v_subj(LH.Control).13  -0.0179587    0.0731837   -0.160808  -0.0699826  -0.0172407    0.0395914   0.116731   0.00456745
v_subj(LH.Control).14   -0.017023    0.0731127   -0.159219  -0.0694162  -0.0163979    0.0402071   0.118974    0.0045636
v_subj(LH.Control).15  -0.0178195    0.0727393   -0.159138  -0.0700274  -0.0169612    0.0396802   0.115999   0.00458158
v_subj(LH.PD-Off).0    0.00758177    0.0650492   -0.122093  -0.0373777   0.0120343    0.0510449   0.128699   0.00395509
v_subj(LH.PD-Off).1     0.0101709    0.0646265   -0.118052  -0.0348157    0.014057    0.0521849   0.131537   0.00392585
v_subj(LH.PD-Off).2    0.00991729    0.0646955   -0.118983  -0.0355271   0.0143894    0.0520531   0.130212   0.00391794
v_subj(LH.PD-Off).3    0.00825145    0.0644432   -0.119196   -0.036643   0.0128232    0.0512949   0.127922   0.00395022
v_subj(LH.PD-Off).4    0.00750388    0.0648253   -0.122492  -0.0374897   0.0122334    0.0508289   0.127168   0.00394238
v_subj(LH.PD-Off).5    0.00975906    0.0647538   -0.119051  -0.0355738   0.0142069    0.0519084   0.130348   0.00393637
v_subj(LH.PD-Off).6     0.0103261      0.06545   -0.119124  -0.0352092   0.0146094    0.0522433   0.133934   0.00395556
v_subj(LH.PD-Off).7     0.0114899    0.0652581   -0.118298  -0.0339678   0.0151841    0.0532058   0.135311   0.00393395
v_subj(LH.PD-Off).8    0.00926482    0.0649866   -0.117706  -0.0366518   0.0130207    0.0518712   0.131204   0.00392635
v_subj(LH.PD-Off).9    0.00978228    0.0650569   -0.118343  -0.0354743   0.0141237    0.0520203   0.131518   0.00391904
v_subj(LH.PD-Off).10   0.00624812     0.064467   -0.122651  -0.0382931   0.0109899     0.050193   0.124944   0.00395048
v_subj(LH.PD-Off).11   0.00722916     0.064934   -0.122693  -0.0375805   0.0118004     0.050841   0.127392   0.00393476
v_subj(LH.PD-Off).12   0.00926607    0.0650494    -0.11983   -0.036154   0.0137167     0.051988   0.129955   0.00392725
v_subj(LH.PD-Off).13   0.00668269    0.0651193   -0.123138  -0.0387025   0.0114456    0.0505038   0.127328   0.00396217
v_subj(LH.PD-Off).14   0.00925095    0.0656248   -0.120332  -0.0364304   0.0136646    0.0520664   0.131948   0.00393792
v_subj(LH.PD-Off).15   0.00980065    0.0647794    -0.11918  -0.0354324   0.0138985    0.0520589   0.131243   0.00390589
v_subj(LH.PD-On).0      -0.142907     0.062777   -0.269824   -0.186317   -0.140086    -0.100908 -0.0217149   0.00358237
v_subj(LH.PD-On).1       -0.14577     0.063321   -0.275374   -0.189496   -0.141851    -0.102923 -0.0260138   0.00360865
v_subj(LH.PD-On).2      -0.149861    0.0630089   -0.279211   -0.193987   -0.144762    -0.106253 -0.0331926    0.0036392
v_subj(LH.PD-On).3      -0.146984    0.0627978    -0.27534   -0.190394   -0.142916     -0.10424 -0.0277377    0.0035964
v_subj(LH.PD-On).4      -0.153646    0.0645619   -0.286779   -0.198143   -0.147678    -0.108891 -0.0361771   0.00373252
v_subj(LH.PD-On).5      -0.147377      0.06346   -0.277343   -0.191216   -0.143023    -0.104166 -0.0282886   0.00360977
v_subj(LH.PD-On).6      -0.147718     0.063991   -0.279634   -0.191895   -0.143274    -0.104109 -0.0264291   0.00363013
v_subj(LH.PD-On).7       -0.15079    0.0638195   -0.281835   -0.195386   -0.145438    -0.106869  -0.032765   0.00365681
v_subj(LH.PD-On).8      -0.145825    0.0633078   -0.274514   -0.189463   -0.142154    -0.103161 -0.0245837   0.00359853
v_subj(LH.PD-On).9      -0.148152    0.0637332   -0.278146   -0.192048   -0.143203    -0.104355 -0.0295548    0.0036384
v_subj(LH.PD-On).10     -0.147536    0.0628697   -0.276373    -0.19101   -0.143028    -0.104824 -0.0296177   0.00360844
v_subj(LH.PD-On).11     -0.147412     0.063345   -0.277572     -0.1911   -0.143037    -0.104112 -0.0280229   0.00361691
v_subj(LH.PD-On).12      -0.14747    0.0628497   -0.276819   -0.190844   -0.143023    -0.104225 -0.0292352   0.00359887
v_subj(LH.PD-On).13     -0.149715    0.0634405   -0.279801   -0.193527   -0.144549     -0.10616 -0.0316211   0.00363746
v_subj(LH.PD-On).14     -0.147164    0.0635937   -0.276532   -0.190916   -0.142874    -0.103811 -0.0265006   0.00360717
v_subj(LH.PD-On).15     -0.145358     0.063349   -0.274588    -0.18905   -0.141903    -0.102446 -0.0248163   0.00359611
v_subj(LL.Control).0  -0.00864721    0.0733122   -0.142726   -0.065512 -0.00749439    0.0404929   0.136487   0.00474437
v_subj(LL.Control).1   -0.0115939    0.0737677   -0.149479  -0.0692066 -0.00999136    0.0376564   0.133271   0.00470954
v_subj(LL.Control).2   -0.0136805    0.0731409   -0.151517  -0.0709638  -0.0121978    0.0354501   0.129467   0.00466749
v_subj(LL.Control).3   -0.0116185    0.0734769   -0.149526  -0.0687043  -0.0100018     0.037727    0.13231   0.00471985
v_subj(LL.Control).4   -0.0127033    0.0736585   -0.151542  -0.0703043  -0.0109677    0.0360994   0.131984      0.00469
v_subj(LL.Control).5   -0.0115961    0.0738622   -0.149539  -0.0693608  -0.0096969     0.037502   0.133041   0.00471659
v_subj(LL.Control).6   -0.0117869    0.0735463    -0.14915  -0.0692345  -0.0103627    0.0372421   0.132071   0.00470048
v_subj(LL.Control).7   -0.0113239    0.0737414   -0.150465  -0.0689751 -0.00924626    0.0376041   0.133573   0.00470254
v_subj(LL.Control).8   -0.0103675    0.0736852   -0.148818  -0.0676641 -0.00865342    0.0388042   0.134735   0.00473292
v_subj(LL.Control).10  -0.0113124    0.0733523    -0.14858  -0.0685295 -0.00945896    0.0377349   0.131509   0.00470973
v_subj(LL.Control).11   -0.011555    0.0741172   -0.151545  -0.0690321 -0.00960946    0.0383262   0.133091   0.00472762
v_subj(LL.Control).12  -0.0110368    0.0733982   -0.148464  -0.0682728 -0.00916995     0.038041   0.132036   0.00470592
v_subj(LL.Control).13   -0.012258    0.0736174   -0.149831  -0.0694504  -0.0102892    0.0371552   0.131499   0.00470356
v_subj(LL.Control).14  -0.0111315    0.0734545   -0.146531  -0.0685011 -0.00930423    0.0384304   0.133407   0.00471682
v_subj(LL.Control).15  -0.0105997    0.0738649   -0.148873  -0.0680691 -0.00906778    0.0385546   0.134144   0.00473025
v_subj(LL.PD-Off).0    -0.0129498     0.071123   -0.136059  -0.0653685  -0.0139136    0.0340669   0.133602   0.00450007
v_subj(LL.PD-Off).1    -0.0111015    0.0708915   -0.132613  -0.0637133  -0.0125771    0.0358892    0.13546   0.00447951
v_subj(LL.PD-Off).2   -0.00840636    0.0717436   -0.129641  -0.0613537  -0.0104056     0.039162   0.141749   0.00454964
v_subj(LL.PD-Off).3    -0.0115995    0.0713996   -0.134859   -0.064342  -0.0126403    0.0357504   0.135851   0.00451665
v_subj(LL.PD-Off).4    -0.0161955    0.0707662   -0.141219  -0.0682965  -0.0168084    0.0303718   0.128069   0.00445942
v_subj(LL.PD-Off).5    -0.0116449    0.0713102   -0.135024   -0.064707  -0.0123741    0.0355894   0.135269   0.00448141
v_subj(LL.PD-Off).6    -0.0115221    0.0714151   -0.133842  -0.0641459  -0.0129294    0.0354372   0.136321   0.00449957
v_subj(LL.PD-Off).7   -0.00446131    0.0730581   -0.126363  -0.0579562 -0.00771355    0.0432569   0.149875   0.00464258
v_subj(LL.PD-Off).8    -0.0119993    0.0709621   -0.134076  -0.0645391  -0.0129856    0.0346253     0.1348   0.00447884
v_subj(LL.PD-Off).9    -0.0120867    0.0715282   -0.135352  -0.0643681  -0.0135007    0.0351165   0.136432   0.00448859
v_subj(LL.PD-Off).10   -0.0118233    0.0707538   -0.132766  -0.0642006  -0.0129282     0.034838   0.133983   0.00447312
v_subj(LL.PD-Off).11    -0.012253    0.0707415   -0.134315  -0.0641452  -0.0132018    0.0344773   0.133731    0.0044831
v_subj(LL.PD-Off).12   -0.0130096    0.0711621   -0.136491  -0.0658345  -0.0137938    0.0339875   0.134111   0.00448104
v_subj(LL.PD-Off).13   -0.0099248    0.0712857   -0.131095  -0.0627786  -0.0114408    0.0371768   0.138107   0.00451009
v_subj(LL.PD-Off).14   -0.0116165    0.0716014   -0.134977  -0.0646037  -0.0126302    0.0358132   0.136086   0.00450797
v_subj(LL.PD-Off).15   -0.0116535    0.0713127   -0.134315  -0.0642655  -0.0132706    0.0353141   0.135941   0.00449467
v_subj(LL.PD-On).0     -0.0312086    0.0646384    -0.16113  -0.0728893  -0.0280401   0.00854545  0.0971682   0.00376603
v_subj(LL.PD-On).1     -0.0299436    0.0655051   -0.162254  -0.0717869  -0.0268089   0.00970292    0.10074   0.00378113
v_subj(LL.PD-On).2     -0.0407819    0.0645696    -0.17506  -0.0831393  -0.0365448  0.000867785  0.0818695   0.00374194
v_subj(LL.PD-On).3     -0.0299885    0.0652941   -0.160167  -0.0719268  -0.0266809    0.0101825   0.098453   0.00377322
v_subj(LL.PD-On).4     -0.0300435    0.0648599   -0.160648  -0.0719093  -0.0269074   0.00978501  0.0991447   0.00377772
v_subj(LL.PD-On).5     -0.0289324    0.0657252   -0.159608  -0.0709672  -0.0255319    0.0106697   0.102921   0.00382511
v_subj(LL.PD-On).6     -0.0303724    0.0660148   -0.162933  -0.0726092  -0.0270359   0.00959262   0.101123   0.00380165
v_subj(LL.PD-On).7     -0.0199694    0.0686345   -0.150956  -0.0638566  -0.0198775    0.0208339   0.123296   0.00404052
v_subj(LL.PD-On).8     -0.0309142    0.0652495   -0.161323  -0.0730502  -0.0281681   0.00908465  0.0973356   0.00377365
v_subj(LL.PD-On).9     -0.0328793     0.065075   -0.167536  -0.0746405  -0.0291658   0.00756396  0.0946243   0.00375779
v_subj(LL.PD-On).10    -0.0331732    0.0642179   -0.164234  -0.0747819  -0.0292852    0.0070966  0.0923433   0.00372683
v_subj(LL.PD-On).11    -0.0309128    0.0654715    -0.16261  -0.0729304  -0.0278741   0.00945335   0.098368   0.00376188
v_subj(LL.PD-On).12     -0.031374    0.0648992   -0.163084  -0.0729865  -0.0283617   0.00868749  0.0973975   0.00376508
v_subj(LL.PD-On).13    -0.0316441    0.0645321   -0.161456    -0.07321  -0.0280434   0.00861459  0.0942003   0.00373795
v_subj(LL.PD-On).14    -0.0299171    0.0654205   -0.161835  -0.0718697  -0.0267951    0.0101277   0.100091   0.00377579
v_subj(LL.PD-On).15    -0.0317165    0.0648776   -0.163265  -0.0731047  -0.0282627    0.0083173  0.0962352   0.00375662
v_subj(SH.Control).0   -0.0206425    0.0763712   -0.169994  -0.0720047  -0.0195976     0.036833   0.127603   0.00506441
v_subj(SH.Control).1   -0.0213558    0.0768704    -0.17337  -0.0729254  -0.0199392     0.036025   0.126893   0.00510336
v_subj(SH.Control).2   -0.0212542    0.0764781   -0.171585  -0.0726083  -0.0197979    0.0358744   0.127263   0.00507708
v_subj(SH.Control).3   -0.0211568    0.0763687   -0.171342  -0.0729615  -0.0201583     0.036135   0.126149   0.00508043
v_subj(SH.Control).4   -0.0225474    0.0770665   -0.173617  -0.0741752  -0.0209715    0.0346504   0.125766   0.00511879
v_subj(SH.Control).5   -0.0224939    0.0770516   -0.174296  -0.0742521  -0.0210412    0.0351118   0.125285   0.00510824
v_subj(SH.Control).6   -0.0205935    0.0765312   -0.170982  -0.0725408  -0.0191527    0.0363042    0.12759   0.00507328
v_subj(SH.Control).7   -0.0211438    0.0768828   -0.172516  -0.0726845   -0.019946    0.0361879   0.126853   0.00507978
v_subj(SH.Control).8   -0.0201988    0.0768772   -0.171412  -0.0719948  -0.0188037    0.0375359   0.128263   0.00507266
v_subj(SH.Control).10  -0.0210681    0.0765068   -0.172366  -0.0723148  -0.0197284    0.0356487    0.12641   0.00508264
v_subj(SH.Control).11  -0.0201793    0.0768028    -0.17087  -0.0717933  -0.0187339    0.0364012   0.128921   0.00507283
v_subj(SH.Control).12  -0.0204528     0.076322   -0.170531  -0.0719087  -0.0191053     0.035924   0.126731   0.00505663
v_subj(SH.Control).13  -0.0207732    0.0768381   -0.172181   -0.071782  -0.0194814    0.0364015   0.128128   0.00506937
v_subj(SH.Control).14  -0.0214114     0.076965   -0.172934  -0.0729541  -0.0205398    0.0355841   0.126882   0.00509579
v_subj(SH.Control).15  -0.0209862     0.076862   -0.171815   -0.072463  -0.0198444    0.0361114   0.128234   0.00508755
v_subj(SH.PD-Off).0     0.0319338    0.0639784  -0.0970755 -0.00904116   0.0302692    0.0768379   0.152513   0.00372922
v_subj(SH.PD-Off).1     0.0324464    0.0639747  -0.0971193   -0.008431   0.0306411    0.0775437   0.153801   0.00374548
v_subj(SH.PD-Off).2     0.0317511    0.0640026  -0.0965713 -0.00943383   0.0297269    0.0770408   0.152913   0.00374598
v_subj(SH.PD-Off).3     0.0330738    0.0640913  -0.0960994 -0.00800044   0.0310478    0.0782639   0.154633   0.00375748
v_subj(SH.PD-Off).4     0.0298322     0.064173  -0.0997757  -0.0117598    0.028456    0.0751615   0.150837   0.00372144
v_subj(SH.PD-Off).5     0.0324162    0.0644811  -0.0968058 -0.00903313   0.0304683      0.07785   0.153796   0.00373557
v_subj(SH.PD-Off).6     0.0319025    0.0644566  -0.0979217 -0.00940869   0.0301528    0.0770074    0.15417   0.00375363
v_subj(SH.PD-Off).7     0.0384394    0.0652039  -0.0908954 -0.00215679   0.0357576    0.0833624   0.165355   0.00386231
v_subj(SH.PD-Off).8     0.0326161    0.0642377  -0.0963408  -0.0085462   0.0308198    0.0772089   0.155145   0.00375218
v_subj(SH.PD-Off).9      0.032924    0.0643627  -0.0966656 -0.00828871   0.0310098    0.0784429   0.154179   0.00376236
v_subj(SH.PD-Off).10    0.0349437    0.0637719  -0.0933712 -0.00576991   0.0331523    0.0795616   0.157095   0.00376645
v_subj(SH.PD-Off).11     0.035027    0.0641383  -0.0934513 -0.00617073   0.0329986    0.0798857   0.158165   0.00379143
v_subj(SH.PD-Off).12    0.0294841    0.0635936  -0.0996691  -0.0115901   0.0280168    0.0745798    0.14815   0.00370664
v_subj(SH.PD-Off).13    0.0335018    0.0640107   -0.095186  -0.0072435   0.0319169    0.0786437   0.154883   0.00375415
v_subj(SH.PD-Off).14    0.0339348    0.0647551  -0.0954576 -0.00762635   0.0316454     0.079407   0.156825   0.00377794
v_subj(SH.PD-Off).15    0.0322833    0.0639179  -0.0964119 -0.00863801   0.0306233    0.0770529   0.153332   0.00372603
v_subj(SH.PD-On).0      -0.100262    0.0668784   -0.221456   -0.147899    -0.10155   -0.0565958  0.0349173   0.00422338
v_subj(SH.PD-On).1     -0.0981582    0.0672596   -0.219742   -0.146112  -0.0993948   -0.0544461   0.037944   0.00423699
v_subj(SH.PD-On).2      -0.107908    0.0661059    -0.23295   -0.153868   -0.107859   -0.0638209  0.0231952   0.00411263
v_subj(SH.PD-On).3     -0.0987905    0.0672179    -0.21987   -0.146894   -0.100177   -0.0548713  0.0362016   0.00421004
v_subj(SH.PD-On).4      -0.100198    0.0671997   -0.222903   -0.147606    -0.10146   -0.0568443  0.0358173   0.00421416
v_subj(SH.PD-On).5     -0.0997245    0.0667485   -0.221888   -0.147178    -0.10105   -0.0567336  0.0369174   0.00421009
v_subj(SH.PD-On).6     -0.0996736    0.0669655   -0.222186   -0.146755   -0.100963    -0.055905   0.035099   0.00421515
v_subj(SH.PD-On).7      -0.102016    0.0666358   -0.225184   -0.148782    -0.10283   -0.0586911  0.0312021   0.00415499
v_subj(SH.PD-On).8     -0.0986963     0.066985   -0.220527   -0.146288   -0.099713   -0.0558235  0.0371986   0.00422237
v_subj(SH.PD-On).9      -0.100244    0.0669322   -0.222297   -0.147522   -0.101185   -0.0572239  0.0343654   0.00419349
v_subj(SH.PD-On).10     -0.101029    0.0665042   -0.222035    -0.14807   -0.102133   -0.0579228  0.0330441   0.00416673
v_subj(SH.PD-On).11    -0.0983967     0.067323   -0.220965   -0.146372   -0.100159    -0.055045  0.0384433   0.00423835
v_subj(SH.PD-On).12    -0.0982605    0.0667233   -0.218529   -0.145992   -0.100003   -0.0549149  0.0372512   0.00424464
v_subj(SH.PD-On).13     -0.099322    0.0665759   -0.219857    -0.14675   -0.100636    -0.055957  0.0344609    0.0042111
v_subj(SH.PD-On).14     -0.100453    0.0667063   -0.222917   -0.147453   -0.101411    -0.057157  0.0330321   0.00420236
v_subj(SH.PD-On).15    -0.0994555    0.0669349   -0.221496   -0.147019   -0.100653   -0.0557661  0.0355779    0.0042008
v_subj(SL.Control).0   -0.0652749    0.0863536   -0.234844   -0.124102   -0.058325  -0.00715206  0.0999307   0.00616227
v_subj(SL.Control).1   -0.0653605    0.0866911   -0.235828   -0.124248  -0.0585644  -0.00733974   0.100018   0.00617039
v_subj(SL.Control).2   -0.0657734    0.0861107   -0.235326   -0.124266  -0.0593769  -0.00786803  0.0992558   0.00615741
v_subj(SL.Control).3    -0.066337     0.086043   -0.235564   -0.124156  -0.0595762  -0.00885611  0.0987589   0.00615991
v_subj(SL.Control).4   -0.0654459    0.0866945   -0.235857   -0.124462  -0.0589547  -0.00728199  0.0994787   0.00617161
v_subj(SL.Control).5     -0.06527    0.0866321   -0.235182   -0.123583  -0.0585878   -0.0071339   0.100605   0.00617832
v_subj(SL.Control).6   -0.0650176    0.0863604   -0.235453   -0.122457  -0.0586568  -0.00741034  0.0996352   0.00616945
v_subj(SL.Control).7   -0.0657843     0.086379   -0.236229   -0.123817  -0.0589075  -0.00783636  0.0991057   0.00617472
v_subj(SL.Control).8   -0.0655786    0.0859017   -0.234795   -0.123688  -0.0590888  -0.00780536  0.0990299   0.00615291
v_subj(SL.Control).10  -0.0645569    0.0862755   -0.234815   -0.122456  -0.0581033  -0.00711508    0.10073   0.00616205
v_subj(SL.Control).11   -0.067242    0.0864703   -0.236581   -0.125616  -0.0600753  -0.00919514   0.098461   0.00615182
v_subj(SL.Control).12  -0.0642873    0.0861417   -0.235026   -0.122558  -0.0577148   -0.0065835   0.100762   0.00617243
v_subj(SL.Control).13  -0.0646928     0.086839   -0.235407   -0.122957  -0.0581226   -0.0066386   0.101607    0.0061852
v_subj(SL.Control).14  -0.0659931    0.0862138    -0.23514   -0.124343  -0.0590941  -0.00833383  0.0989718   0.00615063
v_subj(SL.Control).15  -0.0663966    0.0862859   -0.236106   -0.124648   -0.059806  -0.00829004  0.0992925   0.00616265
v_subj(SL.PD-Off).0   -0.00569363    0.0682386   -0.138911   -0.051386 -0.00651837    0.0404889   0.130719   0.00430337
v_subj(SL.PD-Off).1   -0.00618035    0.0686099   -0.139846  -0.0515514 -0.00691011    0.0403243   0.130313    0.0043324
v_subj(SL.PD-Off).2   -0.00600557    0.0683516   -0.139934  -0.0515335 -0.00665348    0.0402787   0.130435   0.00432217
v_subj(SL.PD-Off).3   -0.00692778    0.0687102   -0.140397  -0.0524843 -0.00761463    0.0394874   0.129812   0.00433922
v_subj(SL.PD-Off).4   -0.00613004    0.0685293   -0.140646  -0.0515887  -0.0067806     0.039936   0.129826   0.00430433
v_subj(SL.PD-Off).5   -0.00538834    0.0685142   -0.139873  -0.0508413 -0.00628717    0.0404796   0.131021   0.00430831
v_subj(SL.PD-Off).6   -0.00617555    0.0688449   -0.141018  -0.0517995 -0.00716192    0.0403436   0.130377     0.004321
v_subj(SL.PD-Off).7   -0.00104879    0.0680357   -0.131475  -0.0464942 -0.00282954    0.0449833   0.133982   0.00423759
v_subj(SL.PD-Off).8   -0.00558285    0.0683099   -0.139245  -0.0510914 -0.00626729    0.0406883   0.130469   0.00429676
v_subj(SL.PD-Off).9    -0.0061704    0.0688999   -0.140815  -0.0520852 -0.00682366    0.0401049   0.130961   0.00433306
v_subj(SL.PD-Off).10  -0.00337598    0.0673537   -0.133425  -0.0479932 -0.00479263    0.0420744   0.131268     0.004242
v_subj(SL.PD-Off).11  -0.00605262    0.0682316   -0.139667   -0.051442 -0.00652454     0.039984   0.129741   0.00431761
v_subj(SL.PD-Off).12   -0.0132846     0.070193   -0.154698  -0.0589882  -0.0125063    0.0335164   0.127514   0.00454268
v_subj(SL.PD-Off).13  -0.00482694     0.068363   -0.139065   -0.050066 -0.00558626    0.0413384   0.131113   0.00428479
v_subj(SL.PD-Off).14  -0.00535004    0.0685946   -0.138554  -0.0506573 -0.00615886    0.0409708   0.130633   0.00431356
v_subj(SL.PD-Off).15  -0.00475985    0.0682356   -0.136872  -0.0503495 -0.00556588    0.0412712   0.130478   0.00430192
v_subj(SL.PD-On).0     -0.0854173     0.072061   -0.218355   -0.139797  -0.0855891   -0.0326902   0.042483   0.00472344
v_subj(SL.PD-On).1     -0.0841248    0.0726305    -0.21662   -0.138696  -0.0844605   -0.0312524  0.0451106   0.00473816
v_subj(SL.PD-On).2     -0.0860532    0.0724619   -0.218401   -0.140669    -0.08673   -0.0328765  0.0418989   0.00472952
v_subj(SL.PD-On).3     -0.0832813    0.0726262   -0.213677   -0.138441   -0.083411   -0.0303495  0.0470166   0.00473051
v_subj(SL.PD-On).4     -0.0851292    0.0727975   -0.217806    -0.13962   -0.085677    -0.032432  0.0445186   0.00472388
v_subj(SL.PD-On).5     -0.0818687    0.0731886   -0.215882   -0.136627   -0.082495   -0.0282737  0.0492099   0.00476963
v_subj(SL.PD-On).6      -0.084707    0.0733799   -0.218624   -0.139975    -0.08474   -0.0317249  0.0464014   0.00474708
v_subj(SL.PD-On).7     -0.0768876     0.073675    -0.20852   -0.131492  -0.0775224   -0.0234525  0.0587009   0.00482735
v_subj(SL.PD-On).8      -0.084963    0.0728598   -0.218356   -0.139932  -0.0849569   -0.0316032  0.0438011   0.00474454
v_subj(SL.PD-On).9      -0.082858    0.0728939    -0.21512   -0.137793  -0.0832096   -0.0294573  0.0475126   0.00477111
v_subj(SL.PD-On).10    -0.0842705    0.0724627   -0.217446   -0.138786  -0.0845987   -0.0313572  0.0449962   0.00471282
v_subj(SL.PD-On).11    -0.0962487    0.0747167   -0.236896   -0.151846  -0.0966252   -0.0418927  0.0332061   0.00482217
v_subj(SL.PD-On).12    -0.0860359    0.0725788   -0.218754   -0.140938  -0.0865019   -0.0328488  0.0427109   0.00473138
v_subj(SL.PD-On).13    -0.0822715    0.0724663   -0.213799   -0.136521  -0.0824018    -0.029211  0.0478257   0.00475075
v_subj(SL.PD-On).14     -0.082605    0.0732729   -0.215732   -0.137161  -0.0833245   -0.0293067  0.0491965   0.00476593
v_subj(SL.PD-On).15    -0.0839266    0.0728893   -0.216762   -0.138495  -0.0839792   -0.0308638  0.0455747   0.00473188
t(Control)               0.232786   0.00913191    0.214843    0.226672    0.232861     0.238842   0.250868  4.64815e-05
t(PD-Off)                0.240725   0.00893217    0.223328    0.234789    0.240668     0.246631   0.258323  4.57363e-05
t(PD-On)                 0.226513   0.00881971      0.2092    0.220664    0.226464     0.232365   0.244083  4.22129e-05
t_std                   0.0353296   0.00393878   0.0286216   0.0325458   0.0349672    0.0377248   0.044065  2.20408e-05
t_subj(Control).0        0.201241  0.000603744    0.199899    0.200875    0.201302     0.201672   0.202248  3.86656e-06
t_subj(Control).1        0.240771  0.000500671    0.239654     0.24047    0.240822     0.241131   0.241597  2.72957e-06
t_subj(Control).2        0.250685  0.000954733    0.248568    0.250104    0.250772     0.251367   0.252285  5.51982e-06
t_subj(Control).3         0.23944  0.000953111    0.237372    0.238846    0.239523      0.24011   0.241086  6.49527e-06
t_subj(Control).4        0.251907  0.000612997    0.250572    0.251526     0.25196     0.252338   0.252973  3.63551e-06
t_subj(Control).5        0.242893  0.000466619    0.241853    0.242611    0.242935     0.243225   0.243672  2.78882e-06
t_subj(Control).6        0.264288  0.000606171    0.262935     0.26392    0.264346     0.264721   0.265306  3.38211e-06
t_subj(Control).7        0.225029  0.000649414     0.22358    0.224636    0.225097     0.225495   0.226113  3.94393e-06
t_subj(Control).8        0.247457  0.000586497    0.246141    0.247107    0.247516     0.247875   0.248427  2.86467e-06
t_subj(Control).10       0.201301  0.000782207    0.199565    0.200823    0.201374      0.20186   0.202619  4.46835e-06
t_subj(Control).11       0.211908  0.000463855    0.210875    0.211625    0.211958     0.212238   0.212676  2.40816e-06
t_subj(Control).12        0.22959   0.00073369    0.227972    0.229143    0.229659      0.23011   0.230819  3.66399e-06
t_subj(Control).13       0.244741   0.00052544    0.243578    0.244419    0.244789     0.245116   0.245618  3.06719e-06
t_subj(Control).14       0.201561  0.000723613    0.199958     0.20112    0.201631     0.202071   0.202793  4.19982e-06
t_subj(Control).15       0.239997  0.000808161    0.238232    0.239503    0.240066     0.240566    0.24138  4.68114e-06
t_subj(PD-Off).0         0.249748   0.00102357    0.247513    0.249117    0.249835     0.250477   0.251502  5.25397e-06
t_subj(PD-Off).1         0.187364  0.000801236    0.185583    0.186881    0.187446     0.187933   0.188705  5.08448e-06
t_subj(PD-Off).2         0.245549   0.00129489     0.24269    0.244754    0.245664     0.246467   0.247749  7.35835e-06
t_subj(PD-Off).3         0.232662  0.000987437    0.230481    0.232058    0.232747     0.233369   0.234336  4.91648e-06
t_subj(PD-Off).4         0.263957   0.00123353    0.261287    0.263177    0.264049     0.264828   0.266107  7.46782e-06
t_subj(PD-Off).5         0.228033  0.000867661    0.226125    0.227496    0.228105     0.228647    0.22952  4.07707e-06
t_subj(PD-Off).6         0.230449  0.000574342     0.22916    0.230103    0.230504      0.23086   0.231408  3.31594e-06
t_subj(PD-Off).7         0.185953   0.00276757    0.179665     0.18431    0.186272     0.187948   0.190395  1.58059e-05
t_subj(PD-Off).8         0.199406  0.000811607    0.197597    0.198914    0.199487     0.199988   0.200755  4.40184e-06
t_subj(PD-Off).9         0.221745  0.000520644     0.22057    0.221434    0.221799     0.222114   0.222596  3.35148e-06
t_subj(PD-Off).10        0.333405   0.00159271    0.329927    0.332407    0.333533     0.334541    0.33615  8.58315e-06
t_subj(PD-Off).11        0.254581   0.00143425     0.25141    0.253705    0.254714     0.255603      0.257  9.21992e-06
t_subj(PD-Off).12        0.306744   0.00114558      0.3042    0.306039    0.306853      0.30756   0.308667  6.45453e-06
t_subj(PD-Off).13        0.256667   0.00102921    0.254345    0.256045    0.256778     0.257404   0.258361  6.28983e-06
t_subj(PD-Off).14        0.218577   0.00055223    0.217356     0.21824    0.218625     0.218969   0.219509  3.11008e-06
t_subj(PD-Off).15        0.236255  0.000747227     0.23462    0.235792    0.236319     0.236789   0.237521  4.64626e-06
t_subj(PD-On).0          0.222505  0.000933312    0.220429    0.221939    0.222588      0.22317   0.224067  4.68461e-06
t_subj(PD-On).1          0.204458  0.000757952    0.202775    0.203997    0.204528     0.205002   0.205734  3.87943e-06
t_subj(PD-On).2          0.216234   0.00166258    0.212509    0.215228    0.216412     0.217427   0.218976  9.47493e-06
t_subj(PD-On).3          0.216697  0.000932999    0.214667    0.216118    0.216775      0.21736   0.218302  5.54024e-06
t_subj(PD-On).4          0.235341  0.000994638     0.23313    0.234733    0.235434     0.236046   0.237015  5.81913e-06
t_subj(PD-On).5          0.198082  0.000893054    0.196095    0.197533    0.198168     0.198723   0.199579  4.52828e-06
t_subj(PD-On).6          0.220376  0.000374534    0.219531    0.220149    0.220417     0.220643   0.220987  2.02771e-06
t_subj(PD-On).7          0.236174   0.00190674    0.231907    0.235009    0.236358     0.237541   0.239357  1.11721e-05
t_subj(PD-On).8          0.185285  0.000591751    0.183965    0.184925    0.185339     0.185705   0.186281  3.01747e-06
t_subj(PD-On).9          0.200776  0.000698878     0.19922    0.200357    0.200842     0.201271   0.201952  3.66266e-06
t_subj(PD-On).10         0.320109   0.00109941     0.31764    0.319443     0.32022     0.320896   0.321936  5.77199e-06
t_subj(PD-On).11          0.23361   0.00113494    0.231161    0.232893    0.233692     0.234421   0.235581  7.51566e-06
t_subj(PD-On).12         0.309612   0.00126695    0.306849    0.308823    0.309709     0.310512   0.311811  6.99201e-06
t_subj(PD-On).13          0.24756   0.00121432    0.244927    0.246804    0.247663     0.248424   0.249645   7.7347e-06
t_subj(PD-On).14         0.182514  0.000566419    0.181253    0.182174    0.182572     0.182915   0.183457  2.54869e-06
t_subj(PD-On).15         0.194914  0.000705153    0.193332    0.194491     0.19499     0.195415   0.196078  4.01414e-06
z                        0.702161   0.00814776    0.685934    0.696954    0.702193     0.707401   0.718293  5.24392e-05
z_std                    0.143626    0.0320284   0.0944796    0.121115    0.139045     0.161067   0.218845  0.000274928
z_subj.0                 0.700301   0.00845741    0.683561    0.694666    0.700325     0.706045   0.716854  7.84247e-05
z_subj.1                 0.725385   0.00921796    0.707051    0.719258    0.725426     0.731544   0.743391  0.000106943
z_subj.2                 0.677082   0.00839197    0.660298    0.671485    0.677128     0.682775   0.693387  5.53739e-05
z_subj.3                 0.719013   0.00867872    0.701953     0.71313    0.719076     0.724949   0.735767  8.52324e-05
z_subj.4                 0.683219   0.00907475    0.665283    0.677151    0.683264     0.689386   0.700865  9.04607e-05
z_subj.5                 0.724113   0.00923283     0.70586    0.717917    0.724204     0.730371   0.741981  9.85773e-05
z_subj.6                 0.736903   0.00953267    0.718131    0.730453    0.736982     0.743264   0.755431  0.000128326
z_subj.7                 0.641057   0.00995745    0.621312    0.634457    0.641102     0.647817   0.660438  8.01692e-05
z_subj.8                 0.724713   0.00919173    0.706612    0.718546    0.724818     0.730953   0.742526  0.000100781
z_subj.9                 0.708079     0.011088    0.685931    0.700699    0.708083     0.715658   0.729536  0.000105329
z_subj.10                0.681683   0.00849192    0.664873     0.67598    0.681717      0.68745    0.69813  7.13807e-05
z_subj.11                0.671505    0.0091303    0.653514     0.66534    0.671598     0.677747   0.689254  7.35278e-05
z_subj.12                0.685752   0.00850928    0.668862    0.680065    0.685833     0.691496   0.702297  6.32339e-05
z_subj.13                0.697972   0.00908368    0.679948    0.691906    0.698016     0.704092   0.715633  8.16086e-05
z_subj.14                0.731617   0.00975874    0.712621    0.725024    0.731597     0.738226   0.750754  0.000123657
z_subj.15                0.715955   0.00931459    0.697566    0.709763    0.716034     0.722209   0.734032  0.000104842
DIC: -24475.142323
deviance: -24703.909490
pD: 228.767167