                              mean          std       2.5q        25q          50q         75q       97.5q       mc err
a(Control)                 0.96226    0.0340448   0.896258   0.939314     0.961963     0.98484     1.03005  0.000212788
a(PD-Off)                  1.05724    0.0333777   0.991756    1.03483      1.05702     1.07939     1.12373  0.000205038
a(PD-On)                   1.06445    0.0332671   0.999547    1.04231      1.06411     1.08657     1.13073  0.000224054
a_std                     0.123872    0.0154026  0.0974072   0.113109     0.122526    0.133301    0.157535  9.08602e-05
a_subj(Control).0         0.993541    0.0356376   0.926248    0.96915     0.992494     1.01679     1.06679  0.000303975
a_subj(Control).1         0.927166    0.0413654   0.850175   0.898748     0.925642    0.953838     1.01335  0.000421793
a_subj(Control).2          1.02397    0.0341451   0.960056    1.00047      1.02318     1.04645     1.09365  0.000258662
a_subj(Control).3          1.06874    0.0435619   0.987285    1.03859      1.06711     1.09744     1.15826  0.000447234
a_subj(Control).4         0.751667    0.0260558   0.702354   0.733934     0.750986    0.768795    0.804756  0.000209747
a_subj(Control).5         0.902601    0.0370889   0.833289   0.877036     0.901328    0.926881    0.978722  0.000345213
a_subj(Control).6          1.09887    0.0505377    1.00489    1.06382      1.09741      1.1315     1.20324    0.0006318
a_subj(Control).7         0.806657    0.0247751   0.760086   0.789559      0.80591    0.822999     0.85718  0.000186412
a_subj(Control).8          1.07255    0.0489119   0.982039    1.03878       1.0707     1.10445     1.17365  0.000494253
a_subj(Control).10         1.01276    0.0365004   0.944152   0.987722      1.01182      1.0364     1.08738  0.000270925
a_subj(Control).11        0.754592    0.0230053    0.71128   0.738762     0.753818    0.769843    0.801286  0.000160737
a_subj(Control).12         1.10187     0.042094    1.02275     1.0728      1.10064     1.12964     1.18716  0.000331123
a_subj(Control).13        0.797961    0.0272438    0.74703   0.779216     0.797123    0.815982    0.853785  0.000199004
a_subj(Control).14         1.10008    0.0509606    1.00519    1.06483      1.09855     1.13331     1.20472  0.000620443
a_subj(Control).15         1.01807     0.039375    0.94513   0.990761      1.01702     1.04371     1.09928  0.000379054
a_subj(PD-Off).0           1.07045    0.0349563    1.00392    1.04641      1.06965     1.09381      1.1406  0.000264365
a_subj(PD-Off).1             1.216    0.0553644    1.11373    1.17744       1.2138     1.25205     1.33038  0.000553889
a_subj(PD-Off).2           1.00263    0.0293519   0.947076   0.982599        1.002     1.02209     1.06179  0.000197931
a_subj(PD-Off).3           1.17854    0.0474904    1.09048     1.1453      1.17714     1.20973     1.27553  0.000433579
a_subj(PD-Off).4           1.02979    0.0334642   0.966421     1.0068      1.02886     1.05187     1.09728  0.000262912
a_subj(PD-Off).5           1.01956     0.042107   0.941333   0.990627      1.01802      1.0472     1.10573  0.000410511
a_subj(PD-Off).6          0.978583    0.0432874    0.89803   0.948685     0.977296     1.00706     1.06718   0.00056097
a_subj(PD-Off).7           1.03819    0.0350655   0.971623    1.01403      1.03731     1.06157     1.10875  0.000221289
a_subj(PD-Off).8           1.13817    0.0483674    1.04784    1.10491      1.13637     1.16951     1.23841  0.000487136
a_subj(PD-Off).9          0.874544    0.0350903   0.808834    0.85037     0.873183    0.897591    0.946217  0.000291129
a_subj(PD-Off).10          1.21853    0.0381165    1.14709    1.19252      1.21751      1.2435     1.29639  0.000283014
a_subj(PD-Off).11          1.08002    0.0295042     1.0234    1.05977      1.07937     1.09976     1.13947  0.000171467
a_subj(PD-Off).12          1.03906    0.0298458   0.983074    1.01846      1.03838     1.05901     1.09937  0.000186528
a_subj(PD-Off).13          1.03828    0.0337473   0.974267    1.01531       1.0374     1.06064      1.1073  0.000216076
a_subj(PD-Off).14         0.871537    0.0405115   0.797579   0.843065     0.869783    0.897508    0.955507  0.000501389
a_subj(PD-Off).15          1.11668    0.0517107    1.01946     1.0811      1.11491      1.1506      1.2237  0.000494138
a_subj(PD-On).0            1.17021    0.0385959     1.0969    1.14356      1.16942     1.19579     1.24788  0.000284883
a_subj(PD-On).1            1.11514    0.0469626    1.02784    1.08294      1.11341     1.14544     1.21187  0.000487282
a_subj(PD-On).2            1.19326    0.0331103    1.13017    1.17059      1.19261     1.21534     1.25985  0.000219224
a_subj(PD-On).3            1.06031    0.0412512    0.98365     1.0319      1.05882      1.0871     1.14501  0.000398342
a_subj(PD-On).4            1.00927    0.0336181   0.945637   0.986067      1.00884     1.03176      1.0767  0.000240025
a_subj(PD-On).5            1.03942     0.042782   0.959784     1.0097      1.03802     1.06752     1.12706  0.000375719
a_subj(PD-On).6           0.851227    0.0396627   0.777783    0.82355     0.849957    0.877433    0.933176  0.000470347
a_subj(PD-On).7           0.995005    0.0286326   0.940202   0.975423     0.994611      1.0139     1.05257   0.00018574
a_subj(PD-On).8            1.08027    0.0481081   0.990456    1.04697      1.07894     1.11117     1.17945  0.000491834
a_subj(PD-On).9           0.943948    0.0379031   0.873657   0.917883      0.94275    0.968628     1.02228  0.000329598
a_subj(PD-On).10           1.18335    0.0367348    1.11421    1.15824      1.18257     1.20743     1.25762  0.000247425
a_subj(PD-On).11          0.873606    0.0274385   0.821833   0.854849     0.872921    0.891679    0.929122  0.000175221
a_subj(PD-On).12           1.10392    0.0333984     1.0404    1.08106       1.1031     1.12597     1.17215  0.000240554
a_subj(PD-On).13             1.168    0.0418891    1.08879    1.13913      1.16693     1.19544     1.25356  0.000317276
a_subj(PD-On).14           1.04733    0.0493254   0.955479    1.01326      1.04591     1.07962     1.14834  0.000588628
a_subj(PD-On).15           1.19468    0.0542051    1.09377    1.15775      1.19261     1.23003     1.30544  0.000523125
v(LH.Control)           -0.0138831    0.0710067  -0.156294 -0.0605225   -0.0163908   0.0344606    0.122552   0.00523623
v(LH.PD-Off)             0.0020749    0.0618977  -0.113641 -0.0397677  0.000939666   0.0408595    0.133575   0.00400059
v(LH.PD-On)              -0.140404    0.0597661  -0.264514  -0.179129    -0.138722  -0.0994058  -0.0296645   0.00377709
v(LL.Control)          -0.00719435     0.070092  -0.140573 -0.0536477  -0.00880982   0.0391033    0.136787   0.00498805
v(LL.PD-Off)             -0.005947    0.0665028  -0.137313 -0.0504783  -0.00700187   0.0433691    0.117971   0.00449818
v(LL.PD-On)             -0.0271784    0.0611404  -0.150929 -0.0662861   -0.0274166   0.0132062   0.0888235   0.00414615
v(SH.Control)           -0.0239669    0.0703508  -0.168498 -0.0678291   -0.0259409   0.0212327     0.10888   0.00475553
v(SH.PD-Off)             0.0246881    0.0577984 -0.0878464 -0.0128697    0.0240986   0.0612237    0.146706   0.00389426
v(SH.PD-On)             -0.0828482    0.0549016  -0.188001  -0.120335   -0.0830818  -0.0460359   0.0331554   0.00325367
v(SL.Control)           -0.0732174    0.0806332   -0.22384  -0.130795   -0.0690569  -0.0143379   0.0650027   0.00617263
v(SL.PD-Off)            -0.0124486    0.0638764  -0.155733 -0.0502342   -0.0118504   0.0320091    0.101132   0.00438385
v(SL.PD-On)              -0.106152     0.060842   -0.23483  -0.142824    -0.104152  -0.0651139   0.0118435   0.00351216
v_std                      0.02406    0.0159211  0.0020796  0.0114596    0.0213696   0.0339558    0.060267   0.00125127
v_subj(LH.Control).0    -0.0140581    0.0760286  -0.169392 -0.0634497   -0.0169135   0.0376776    0.127232   0.00524073
v_subj(LH.Control).1    -0.0128077    0.0759812  -0.166916 -0.0621378    -0.015234    0.039167    0.127956   0.00521231
v_subj(LH.Control).2    -0.0153047     0.075658  -0.169588 -0.0642387   -0.0180411   0.0365171    0.126063   0.00524698
v_subj(LH.Control).3    -0.0132054    0.0758242  -0.165974 -0.0630794    -0.016013   0.0386413    0.127348   0.00522659
v_subj(LH.Control).4    -0.0130666    0.0761576  -0.167138 -0.0628274   -0.0157459   0.0393871    0.127303   0.00521856
v_subj(LH.Control).5    -0.0152688    0.0759822  -0.169587 -0.0647873   -0.0179975   0.0364533    0.126564   0.00523445
v_subj(LH.Control).6    -0.0141491    0.0756566  -0.167554 -0.0635281   -0.0165957   0.0377332    0.126407   0.00520782
v_subj(LH.Control).7    -0.0138504    0.0759753  -0.166565 -0.0633579   -0.0169889   0.0385838    0.127006   0.00522739
v_subj(LH.Control).8    -0.0140813    0.0758402  -0.166734 -0.0641593   -0.0168135   0.0378202    0.126789    0.0052232
v_subj(LH.Control).10   -0.0135917    0.0757848  -0.167356  -0.063414   -0.0161184   0.0384059    0.127188   0.00522679
v_subj(LH.Control).11   -0.0134324     0.075796  -0.167302 -0.0630491    -0.015865   0.0383235     0.12719   0.00520868
v_subj(LH.Control).12   -0.0142137    0.0756065  -0.167763 -0.0639978   -0.0169415   0.0379357    0.126762   0.00520398
v_subj(LH.Control).13   -0.0137925    0.0759989  -0.169174  -0.063334   -0.0165058   0.0384053    0.127345   0.00523259
v_subj(LH.Control).14   -0.0133785    0.0756398  -0.164873 -0.0631153   -0.0161775   0.0387369    0.127082   0.00522625
v_subj(LH.Control).15   -0.0133259     0.075321    -0.1658 -0.0627151   -0.0162294   0.0384184    0.126634   0.00519964
v_subj(LH.PD-Off).0    0.000840616    0.0672619  -0.127751 -0.0439971  0.000158165   0.0431559      0.1433   0.00399729
v_subj(LH.PD-Off).1     0.00355904    0.0671017  -0.122489 -0.0412981   0.00217315    0.045562    0.147028    0.0039777
v_subj(LH.PD-Off).2     0.00308046    0.0672068  -0.123394 -0.0418993   0.00188744   0.0448756    0.145704   0.00398443
v_subj(LH.PD-Off).3     0.00140316    0.0672424  -0.127027 -0.0432739  0.000556957   0.0434562      0.1432   0.00398776
v_subj(LH.PD-Off).4     0.00103507    0.0670839  -0.127146 -0.0437485  0.000183106   0.0431892    0.142985   0.00398908
v_subj(LH.PD-Off).5      0.0027191    0.0676233  -0.125758  -0.042211   0.00122051   0.0445261    0.147561   0.00400115
v_subj(LH.PD-Off).6     0.00335029     0.067326  -0.124401 -0.0415174   0.00225942   0.0451911     0.14622   0.00400196
v_subj(LH.PD-Off).7     0.00421034    0.0672955  -0.123045 -0.0405056   0.00272631   0.0465167    0.147474   0.00397675
v_subj(LH.PD-Off).8     0.00231707    0.0672256  -0.125071 -0.0425339   0.00136877   0.0446801    0.145607   0.00398051
v_subj(LH.PD-Off).9     0.00311435    0.0675636  -0.125444 -0.0419871   0.00202969   0.0452773    0.145694   0.00397977
v_subj(LH.PD-Off).10  -7.62831e-05    0.0667062  -0.127592 -0.0445525 -0.000756167    0.041859    0.141308   0.00399514
v_subj(LH.PD-Off).11   0.000378119    0.0674964  -0.128497  -0.044502 -0.000565761   0.0429629    0.143145   0.00400946
v_subj(LH.PD-Off).12    0.00244736    0.0673412  -0.125766 -0.0424697   0.00146444       0.045    0.146394   0.00398331
v_subj(LH.PD-Off).13  -0.000214355    0.0678997  -0.129967 -0.0453833 -0.000851117   0.0424949    0.143076    0.0040227
v_subj(LH.PD-Off).14    0.00245131    0.0678998  -0.125533 -0.0431095   0.00130643   0.0447148    0.147078   0.00400379
v_subj(LH.PD-Off).15    0.00292172    0.0674925  -0.124668 -0.0423757   0.00196336   0.0451511    0.145684   0.00398374
v_subj(LH.PD-On).0       -0.136566    0.0652965   -0.27152  -0.178598    -0.134905  -0.0921062  -0.0111783   0.00380118
v_subj(LH.PD-On).1       -0.138314    0.0652639  -0.273139  -0.180146    -0.136552   -0.093576  -0.0138207   0.00378849
v_subj(LH.PD-On).2       -0.142649    0.0650582  -0.277556  -0.184849    -0.140107  -0.0977792  -0.0218325    0.0037355
v_subj(LH.PD-On).3        -0.13958    0.0651981  -0.274705  -0.181399    -0.137419  -0.0951735   -0.016029   0.00377075
v_subj(LH.PD-On).4       -0.145995    0.0658115  -0.281254  -0.189142    -0.143175   -0.101496  -0.0246175    0.0037704
v_subj(LH.PD-On).5        -0.14014    0.0652979  -0.274754  -0.182526    -0.138122  -0.0954287  -0.0169228   0.00376944
v_subj(LH.PD-On).6       -0.140528    0.0659822  -0.276915  -0.183241    -0.138587  -0.0955377  -0.0154309   0.00377986
v_subj(LH.PD-On).7       -0.143081     0.065442  -0.278325  -0.185125    -0.140633  -0.0985371  -0.0202163   0.00375754
v_subj(LH.PD-On).8       -0.138777    0.0658999  -0.274638  -0.181473    -0.136601  -0.0936797  -0.0136222   0.00377457
v_subj(LH.PD-On).9       -0.141067    0.0657128   -0.27647  -0.183912    -0.139343  -0.0963812  -0.0160048   0.00377988
v_subj(LH.PD-On).10       -0.14059    0.0646193   -0.27448  -0.182343    -0.138356  -0.0962964  -0.0176293   0.00375614
v_subj(LH.PD-On).11      -0.140007    0.0654656  -0.275614  -0.182155    -0.137688  -0.0954399   -0.016853   0.00375843
v_subj(LH.PD-On).12      -0.139977    0.0649962  -0.274154  -0.182338    -0.137738  -0.0958623  -0.0170027   0.00377044
v_subj(LH.PD-On).13      -0.142155    0.0650293  -0.277101  -0.184212    -0.139593  -0.0977607  -0.0205499   0.00375354
v_subj(LH.PD-On).14      -0.139705    0.0659773  -0.275126     -0.183    -0.137513  -0.0942827  -0.0132286   0.00379063
v_subj(LH.PD-On).15      -0.138223    0.0651306  -0.272135  -0.180311    -0.136333  -0.0937342   -0.014117   0.00379663
v_subj(LL.Control).0   -0.00494201    0.0743612  -0.145011 -0.0538137  -0.00655507   0.0444035    0.144035   0.00495737
v_subj(LL.Control).1   -0.00705334    0.0753146  -0.149878 -0.0562355  -0.00832251   0.0430616    0.143621   0.00498768
v_subj(LL.Control).2   -0.00935624    0.0752214  -0.153383 -0.0578998   -0.0103951   0.0405748    0.141436   0.00497066
v_subj(LL.Control).3   -0.00738119    0.0749713  -0.149996 -0.0562209  -0.00864084   0.0427718    0.142584   0.00497478
v_subj(LL.Control).4   -0.00869496    0.0753426  -0.152481 -0.0569996   -0.0101613    0.041516    0.141699   0.00499567
v_subj(LL.Control).5   -0.00747579    0.0752678  -0.150784 -0.0558275  -0.00896745    0.042636    0.142369   0.00498656
v_subj(LL.Control).6   -0.00753707    0.0749106   -0.14982 -0.0561045  -0.00927962   0.0418568    0.143282   0.00499023
v_subj(LL.Control).7   -0.00722655    0.0749363   -0.14931 -0.0558149  -0.00867115   0.0423721     0.14318   0.00497117
v_subj(LL.Control).8   -0.00618681    0.0746754  -0.146971 -0.0547022  -0.00784464   0.0430926    0.143168   0.00495786
v_subj(LL.Control).10  -0.00695318    0.0745776   -0.14848 -0.0551635  -0.00840218   0.0428617    0.142398   0.00496304
v_subj(LL.Control).11  -0.00732428    0.0754081  -0.150758 -0.0553124   -0.0084973   0.0425133    0.142712   0.00497412
v_subj(LL.Control).12  -0.00676396    0.0745786  -0.148534 -0.0553235  -0.00804796   0.0430515    0.142034    0.0049446
v_subj(LL.Control).13  -0.00753531    0.0749789  -0.149876 -0.0561056  -0.00905893   0.0423007    0.142503   0.00497881
v_subj(LL.Control).14   -0.0067553    0.0747164  -0.147341 -0.0554806  -0.00867464   0.0432601    0.143259   0.00496517
v_subj(LL.Control).15  -0.00641003     0.075077  -0.148949 -0.0553989  -0.00812296   0.0435782    0.143348   0.00498403
v_subj(LL.PD-Off).0     -0.0073085    0.0713483  -0.150396 -0.0550006  -0.00791497   0.0453317    0.126081   0.00450057
v_subj(LL.PD-Off).1    -0.00534757    0.0714312  -0.149486 -0.0533524  -0.00605465   0.0468522    0.130169   0.00447748
v_subj(LL.PD-Off).2    -0.00315845     0.071484   -0.14545 -0.0516397  -0.00365304   0.0481389    0.133654   0.00446449
v_subj(LL.PD-Off).3    -0.00589247    0.0715781  -0.150042 -0.0539262  -0.00661018   0.0462502    0.128883   0.00448576
v_subj(LL.PD-Off).4     -0.0100073     0.071732  -0.155703 -0.0577298   -0.0111865   0.0428768    0.124476   0.00453068
v_subj(LL.PD-Off).5    -0.00643506    0.0717053  -0.150562 -0.0544934  -0.00750511   0.0458904    0.129393   0.00450134
v_subj(LL.PD-Off).6    -0.00583744    0.0718269  -0.149845 -0.0541336  -0.00639933   0.0464351    0.129365   0.00447913
v_subj(LL.PD-Off).7    2.88958e-05    0.0719031  -0.142868 -0.0488841 -0.000572468   0.0511559    0.139061   0.00446646
v_subj(LL.PD-Off).8    -0.00630661    0.0715579    -0.1498 -0.0543924  -0.00699511   0.0460825    0.128187   0.00448306
v_subj(LL.PD-Off).9    -0.00649795     0.071903  -0.150867 -0.0545499  -0.00703846    0.046074    0.128021   0.00449121
v_subj(LL.PD-Off).10   -0.00616549    0.0708979  -0.147242 -0.0536984  -0.00736585   0.0453873    0.129541   0.00446748
v_subj(LL.PD-Off).11   -0.00658842    0.0714817  -0.149488 -0.0544836  -0.00762625   0.0455593     0.12767   0.00448061
v_subj(LL.PD-Off).12      -0.00777    0.0719784  -0.153546 -0.0560304  -0.00833214   0.0450118    0.128305   0.00453268
v_subj(LL.PD-Off).13    -0.0047449    0.0713542  -0.147104 -0.0526354  -0.00566741   0.0474018    0.130902   0.00447009
v_subj(LL.PD-Off).14    -0.0062135    0.0719632  -0.151333 -0.0542783  -0.00710767   0.0463535    0.129073   0.00451016
v_subj(LL.PD-Off).15   -0.00642839    0.0718793   -0.15049 -0.0546373  -0.00709459    0.046047    0.130105   0.00451019
v_subj(LL.PD-On).0      -0.0274438     0.066535  -0.158582 -0.0709655   -0.0272272   0.0167604     0.10031   0.00412168
v_subj(LL.PD-On).1      -0.0262623    0.0664833  -0.158307 -0.0695523   -0.0262639    0.017896    0.101316   0.00411413
v_subj(LL.PD-On).2       -0.036261    0.0671519  -0.170413 -0.0801832    -0.036119  0.00830847   0.0892553    0.0042637
v_subj(LL.PD-On).3      -0.0264399    0.0665306   -0.15873 -0.0697185   -0.0264619    0.017441    0.101511   0.00412439
v_subj(LL.PD-On).4      -0.0266175    0.0665623  -0.158993 -0.0700244    -0.026442   0.0174228    0.101235   0.00410906
v_subj(LL.PD-On).5       -0.024961    0.0672108  -0.157448 -0.0684447   -0.0248286   0.0196478    0.105844   0.00413432
v_subj(LL.PD-On).6      -0.0265815     0.067188  -0.160316 -0.0698323   -0.0266205   0.0178502    0.102147     0.004156
v_subj(LL.PD-On).7      -0.0169658    0.0682706  -0.151778 -0.0613914   -0.0167677   0.0272186    0.118322   0.00414536
v_subj(LL.PD-On).8      -0.0272537    0.0669474  -0.159473 -0.0707872   -0.0271784   0.0168748    0.100777   0.00412024
v_subj(LL.PD-On).9        -0.02904    0.0669586  -0.162221 -0.0728592   -0.0288885   0.0153393    0.098782   0.00417241
v_subj(LL.PD-On).10     -0.0291007    0.0658878  -0.160164 -0.0719985   -0.0291662   0.0143407   0.0970629   0.00412375
v_subj(LL.PD-On).11     -0.0273348     0.066677  -0.158588 -0.0708656   -0.0273383    0.016866    0.100342   0.00412987
v_subj(LL.PD-On).12     -0.0276424    0.0664298  -0.158791 -0.0708044   -0.0276231   0.0163767    0.100558   0.00412433
v_subj(LL.PD-On).13     -0.0278862    0.0662424  -0.159213 -0.0710353   -0.0276476   0.0157426   0.0973394   0.00413587
v_subj(LL.PD-On).14     -0.0263144    0.0671686  -0.158625 -0.0696839   -0.0259289   0.0179681    0.102765   0.00415347
v_subj(LL.PD-On).15     -0.0281425    0.0667816  -0.160857 -0.0714869   -0.0282174   0.0158509   0.0992967   0.00414218
v_subj(SH.Control).0    -0.0234931    0.0747572  -0.175097 -0.0713763   -0.0260273   0.0244707    0.118705   0.00473704
v_subj(SH.Control).1    -0.0240516    0.0751781   -0.17591 -0.0719722    -0.026554   0.0245262    0.119322   0.00474693
v_subj(SH.Control).2    -0.0240525    0.0747329  -0.175318 -0.0716943   -0.0263658   0.0238764     0.11846   0.00472099
v_subj(SH.Control).3    -0.0240926    0.0749941  -0.176745 -0.0718009   -0.0262615    0.023612    0.118005   0.00472657
v_subj(SH.Control).4    -0.0253164    0.0751691  -0.176764 -0.0735559   -0.0276861   0.0229108     0.11793   0.00472059
v_subj(SH.Control).5    -0.0253438    0.0749755  -0.176011 -0.0734268   -0.0277821   0.0222565    0.117189   0.00471451
v_subj(SH.Control).6    -0.0239571    0.0750474  -0.176201 -0.0718359   -0.0264506   0.0235984    0.118192   0.00473888
v_subj(SH.Control).7    -0.0239844    0.0751276  -0.176799 -0.0722267   -0.0263599   0.0239437    0.120242   0.00475147
v_subj(SH.Control).8    -0.0229248    0.0755409  -0.174717 -0.0707345   -0.0257609   0.0250049    0.122095   0.00476503
v_subj(SH.Control).10   -0.0240817    0.0752879  -0.176431 -0.0723725   -0.0264367   0.0240671    0.119039   0.00474814
v_subj(SH.Control).11   -0.0228163    0.0756134  -0.175634 -0.0711003   -0.0253527    0.025152    0.121455   0.00477416
v_subj(SH.Control).12   -0.0231303    0.0750399  -0.175043 -0.0709763    -0.025955   0.0253123    0.119696   0.00476631
v_subj(SH.Control).13    -0.024056    0.0752846  -0.176211 -0.0721501    -0.026845    0.023791    0.120143   0.00476583
v_subj(SH.Control).14   -0.0247934    0.0754979  -0.177341 -0.0731809   -0.0273774   0.0232855    0.118452   0.00474433
v_subj(SH.Control).15   -0.0238935    0.0747873  -0.175782 -0.0709803   -0.0263403   0.0237816    0.117519   0.00472075
v_subj(SH.PD-Off).0      0.0241017     0.063622  -0.100767 -0.0162994    0.0233203    0.063605    0.158572   0.00387112
v_subj(SH.PD-Off).1      0.0244966    0.0635212 -0.0994677 -0.0162584    0.0232947   0.0634075    0.160988   0.00388799
v_subj(SH.PD-Off).2      0.0235189     0.063282  -0.100396 -0.0171943    0.0230706   0.0629895    0.157546   0.00387729
v_subj(SH.PD-Off).3      0.0246012    0.0632059  -0.098937 -0.0158997    0.0236489   0.0637634    0.159157   0.00386921
v_subj(SH.PD-Off).4      0.0221771    0.0636289  -0.102313 -0.0187533    0.0211584   0.0617912    0.158009   0.00386744
v_subj(SH.PD-Off).5      0.0241034    0.0638977  -0.102678    -0.0166    0.0236401    0.063244    0.160614   0.00388864
v_subj(SH.PD-Off).6      0.0236659    0.0638518  -0.101018 -0.0174658    0.0227173   0.0632779    0.159356   0.00388762
v_subj(SH.PD-Off).7      0.0296633    0.0641412  -0.093819 -0.0117485    0.0282468   0.0681731    0.167393   0.00396407
v_subj(SH.PD-Off).8      0.0243169    0.0635182 -0.0991073 -0.0164323    0.0236485   0.0637704    0.159162   0.00389191
v_subj(SH.PD-Off).9      0.0247789     0.063601   -0.10034 -0.0158273    0.0240605    0.063855    0.160985   0.00388549
v_subj(SH.PD-Off).10     0.0265855    0.0636078 -0.0973979 -0.0141329    0.0256423   0.0655501    0.162932   0.00388501
v_subj(SH.PD-Off).11     0.0270552    0.0636211 -0.0961008 -0.0140049    0.0261666   0.0661627    0.162541   0.00392038
v_subj(SH.PD-Off).12     0.0215011    0.0635157  -0.102675 -0.0191911    0.0205003   0.0608561    0.156717   0.00385564
v_subj(SH.PD-Off).13      0.025361     0.063545 -0.0986375 -0.0155536    0.0245131    0.064284    0.161834   0.00388744
v_subj(SH.PD-Off).14     0.0258659    0.0639918 -0.0978403 -0.0154659    0.0248643   0.0650869      0.1628   0.00391227
v_subj(SH.PD-Off).15     0.0242504    0.0634824 -0.0992376 -0.0163291    0.0234994   0.0634847    0.159315   0.00386675
v_subj(SH.PD-On).0      -0.0831507    0.0607882  -0.200445  -0.123514   -0.0833793  -0.0438086   0.0426715   0.00325257
v_subj(SH.PD-On).1      -0.0809078    0.0610745  -0.198091  -0.121408   -0.0814409  -0.0422828   0.0463016   0.00325284
v_subj(SH.PD-On).2      -0.0901738    0.0612519  -0.211291  -0.130149   -0.0897106  -0.0485199    0.033952   0.00326981
v_subj(SH.PD-On).3      -0.0818173    0.0612326  -0.199677  -0.122469   -0.0822054  -0.0431626   0.0452549   0.00324614
v_subj(SH.PD-On).4      -0.0830008    0.0612689  -0.200859  -0.123827   -0.0834987   -0.043461   0.0440122   0.00326218
v_subj(SH.PD-On).5      -0.0821752    0.0607768  -0.199777  -0.122719   -0.0822417  -0.0434332   0.0432444   0.00323455
v_subj(SH.PD-On).6      -0.0821995    0.0613516  -0.200346  -0.122773   -0.0824074  -0.0433127   0.0457677   0.00326518
v_subj(SH.PD-On).7      -0.0845591    0.0608456  -0.201753  -0.124599     -0.08506  -0.0445729   0.0416592   0.00324241
v_subj(SH.PD-On).8      -0.0815439    0.0614184  -0.199557    -0.1221   -0.0817046  -0.0426233   0.0461715   0.00325212
v_subj(SH.PD-On).9      -0.0825832      0.06143  -0.200765  -0.123096   -0.0831134   -0.043719   0.0444085     0.003259
v_subj(SH.PD-On).10     -0.0839614    0.0605157  -0.201436  -0.124165   -0.0842964  -0.0447327   0.0421954   0.00323162
v_subj(SH.PD-On).11     -0.0814438    0.0609001  -0.198494  -0.121721   -0.0815093  -0.0431169   0.0455563   0.00324941
v_subj(SH.PD-On).12     -0.0811575    0.0608311  -0.198298   -0.12163   -0.0811053  -0.0427332   0.0453398   0.00323395
v_subj(SH.PD-On).13     -0.0820534    0.0609807  -0.198825  -0.122345   -0.0824705  -0.0432767   0.0442396   0.00324102
v_subj(SH.PD-On).14     -0.0830147    0.0611113  -0.201301  -0.123477   -0.0834881  -0.0437557   0.0439447   0.00323192
v_subj(SH.PD-On).15     -0.0821491    0.0606256  -0.199153  -0.122368   -0.0821409  -0.0435059   0.0435447   0.00323374
v_subj(SL.Control).0    -0.0729478    0.0848023  -0.230178  -0.134613   -0.0688954    -0.01168   0.0771488   0.00615918
v_subj(SL.Control).1    -0.0729694    0.0850502  -0.229663  -0.135509   -0.0688591  -0.0112766   0.0779993   0.00616866
v_subj(SL.Control).2    -0.0734849    0.0846286  -0.230334  -0.134512   -0.0689415   -0.012802   0.0766134   0.00614892
v_subj(SL.Control).3    -0.0737617    0.0845007  -0.230144  -0.135152   -0.0692004  -0.0122126   0.0760594   0.00615405
v_subj(SL.Control).4    -0.0732602     0.085233  -0.231178   -0.13553   -0.0690848  -0.0115856   0.0791167   0.00618757
v_subj(SL.Control).5    -0.0727789    0.0851187  -0.230126   -0.13483    -0.068408  -0.0113467   0.0788765   0.00615758
v_subj(SL.Control).6    -0.0725146    0.0850633  -0.230357  -0.134673     -0.06878  -0.0108145   0.0783636   0.00617098
v_subj(SL.Control).7    -0.0731481    0.0848378  -0.230717  -0.134934     -0.06908  -0.0113123    0.077064   0.00615251
v_subj(SL.Control).8    -0.0732616    0.0847447  -0.230069  -0.135371   -0.0687663  -0.0117423   0.0772312    0.0061605
v_subj(SL.Control).10   -0.0723642    0.0846127  -0.229625   -0.13363   -0.0680807  -0.0110261   0.0769694   0.00614886
v_subj(SL.Control).11   -0.0752935    0.0851024  -0.232847  -0.137319   -0.0716468  -0.0129036    0.074321   0.00617466
v_subj(SL.Control).12   -0.0718257    0.0848655  -0.228937  -0.132941   -0.0677204  -0.0105535   0.0793923   0.00616285
v_subj(SL.Control).13   -0.0722558    0.0853395   -0.23026  -0.134483   -0.0674909  -0.0109826    0.080111   0.00615628
v_subj(SL.Control).14   -0.0738314     0.084815  -0.230912  -0.135487   -0.0693011  -0.0120824    0.074818   0.00616678
v_subj(SL.Control).15    -0.074413    0.0849178  -0.232338  -0.136122   -0.0699118    -0.01262   0.0752472   0.00615221
v_subj(SL.PD-Off).0     -0.0120048    0.0690468  -0.165355 -0.0533088   -0.0109363   0.0354816    0.110743   0.00437789
v_subj(SL.PD-Off).1     -0.0125868    0.0693166  -0.166311 -0.0539053   -0.0118088   0.0355576    0.110921   0.00438608
v_subj(SL.PD-Off).2     -0.0126133    0.0689648  -0.164592  -0.054151   -0.0118444   0.0357067    0.110083   0.00435882
v_subj(SL.PD-Off).3      -0.013386    0.0691663  -0.167669 -0.0545831   -0.0120799   0.0345589    0.109746   0.00437311
v_subj(SL.PD-Off).4     -0.0126655    0.0692265  -0.165828 -0.0542392   -0.0117325   0.0354719    0.110897   0.00438121
v_subj(SL.PD-Off).5     -0.0119655    0.0695091  -0.166238 -0.0534664   -0.0112239   0.0362733    0.112142   0.00437939
v_subj(SL.PD-Off).6     -0.0128461    0.0693399  -0.165705 -0.0548394   -0.0116438   0.0356069    0.110672   0.00438122
v_subj(SL.PD-Off).7    -0.00722649    0.0694606  -0.160941 -0.0486033  -0.00705933   0.0409841    0.118781   0.00439502
v_subj(SL.PD-Off).8     -0.0122909    0.0689948  -0.165293 -0.0534827    -0.011464   0.0353777     0.11111   0.00437503
v_subj(SL.PD-Off).9     -0.0128985    0.0696117  -0.167415   -0.05453   -0.0119345   0.0354991    0.110767   0.00439914
v_subj(SL.PD-Off).10   -0.00997756    0.0684851  -0.160879 -0.0509744  -0.00925345   0.0376696     0.11352   0.00435077
v_subj(SL.PD-Off).11    -0.0126203    0.0689309  -0.164644 -0.0540161   -0.0116867    0.035407    0.110589   0.00436847
v_subj(SL.PD-Off).12    -0.0191704     0.069695  -0.173938 -0.0607361   -0.0168624   0.0290228    0.103511   0.00443684
v_subj(SL.PD-Off).13    -0.0116549    0.0693401  -0.164826   -0.05299    -0.010886   0.0364934    0.112478   0.00436483
v_subj(SL.PD-Off).14    -0.0122851    0.0694671  -0.167141 -0.0534578   -0.0116098   0.0360761     0.11078   0.00437766
v_subj(SL.PD-Off).15     -0.011339    0.0690267  -0.165608 -0.0526222   -0.0106528   0.0370641    0.111428   0.00435876
v_subj(SL.PD-On).0       -0.106821    0.0654211   -0.24474  -0.146253     -0.10505  -0.0638799    0.023798   0.00348627
v_subj(SL.PD-On).1       -0.105773    0.0663988  -0.244882  -0.146251     -0.10436  -0.0621251   0.0271064   0.00350062
v_subj(SL.PD-On).2       -0.107999    0.0659508  -0.245165  -0.148121    -0.106017  -0.0639427   0.0227603   0.00347068
v_subj(SL.PD-On).3       -0.104829    0.0667762     -0.243  -0.145531    -0.103765  -0.0614135   0.0300005   0.00351307
v_subj(SL.PD-On).4       -0.106816    0.0662839  -0.244965  -0.146808    -0.105088  -0.0631958   0.0253663   0.00348562
v_subj(SL.PD-On).5       -0.103159    0.0670958  -0.242065  -0.143763    -0.102431  -0.0597958   0.0329376   0.00355181
v_subj(SL.PD-On).6        -0.10671    0.0666059  -0.245499  -0.147071    -0.105398  -0.0629588    0.026108    0.0035043
v_subj(SL.PD-On).7      -0.0982471    0.0677102  -0.235652  -0.140041   -0.0983768  -0.0555627   0.0406622    0.0036492
v_subj(SL.PD-On).8        -0.10637    0.0664771  -0.243971  -0.146683    -0.104863  -0.0628294   0.0261565   0.00350356
v_subj(SL.PD-On).9         -0.1044     0.066766  -0.243457  -0.145226    -0.103132  -0.0607939    0.030303   0.00353346
v_subj(SL.PD-On).10       -0.10595     0.066044  -0.241676  -0.146467    -0.104479  -0.0619939   0.0249818   0.00348829
v_subj(SL.PD-On).11      -0.120244    0.0676564  -0.266921  -0.160317    -0.116748  -0.0752422  0.00620723   0.00354034
v_subj(SL.PD-On).12      -0.107619    0.0662538  -0.245385  -0.147906    -0.105939   -0.063907   0.0239847   0.00347874
v_subj(SL.PD-On).13      -0.103628    0.0666456  -0.241741  -0.144041    -0.102591  -0.0600557   0.0302273   0.00355382
v_subj(SL.PD-On).14      -0.103989    0.0669017  -0.242476  -0.144668    -0.102979  -0.0606306   0.0310844    0.0035343
v_subj(SL.PD-On).15      -0.105857    0.0666137  -0.244007  -0.146282    -0.104118  -0.0622588   0.0274249   0.00350773
t(Control)                0.232347     0.009241   0.214194    0.22621     0.232364    0.238494    0.250507  4.68379e-05
t(PD-Off)                 0.239771   0.00893678   0.222222    0.23384     0.239751     0.24571    0.257341  4.48641e-05
t(PD-On)                  0.225599   0.00888573   0.208088   0.219737      0.22559    0.231434    0.243052  4.00063e-05
t_std                     0.035364   0.00392085  0.0286914  0.0326015    0.0350227   0.0377818   0.0439825  2.18265e-05
t_subj(Control).0         0.200777  0.000644068   0.199342   0.200386     0.200844    0.201238    0.201859  3.51397e-06
t_subj(Control).1         0.240353  0.000540387   0.239155    0.24002     0.240404    0.240739    0.241261  2.87413e-06
t_subj(Control).2         0.250019   0.00102188   0.247761    0.24939     0.250107    0.250751    0.251759  6.11223e-06
t_subj(Control).3         0.238414   0.00103673   0.236151   0.237761     0.238493    0.239147    0.240212  5.54073e-06
t_subj(Control).4         0.251721  0.000620123   0.250373   0.251335     0.251772    0.252158    0.252792  3.06115e-06
t_subj(Control).5         0.242495  0.000511809   0.241349   0.242183     0.242548     0.24286    0.243349  2.82733e-06
t_subj(Control).6         0.263123  0.000726155   0.261526    0.26268     0.263185    0.263638    0.264362  4.13712e-06
t_subj(Control).7         0.224481  0.000706657   0.222926   0.224043     0.224547    0.224984    0.225675  4.19204e-06
t_subj(Control).8         0.246528   0.00071488   0.244933   0.246088     0.246599    0.247038    0.247726  3.81229e-06
t_subj(Control).10        0.200697  0.000820201   0.198875    0.20019     0.200767    0.201279    0.202096  4.32587e-06
t_subj(Control).11        0.211376  0.000534052   0.210181   0.211052     0.211427    0.211755    0.212273  2.83707e-06
t_subj(Control).12        0.228804  0.000823543   0.226968   0.228304     0.228884    0.229394    0.230188  4.97451e-06
t_subj(Control).13        0.244252   0.00057174   0.242982   0.243905     0.244307    0.244657    0.245217  3.27322e-06
t_subj(Control).14        0.200714  0.000796685   0.198978   0.200223      0.20078    0.201283    0.202079  4.72868e-06
t_subj(Control).15        0.239981  0.000798492   0.238237   0.239492     0.240052     0.24055    0.241347  5.06567e-06
t_subj(PD-Off).0          0.249415   0.00104047    0.24714   0.248773     0.249497    0.250156    0.251196  6.41979e-06
t_subj(PD-Off).1          0.186522   0.00088793    0.18454   0.185985     0.186599    0.187154    0.188028   4.6298e-06
t_subj(PD-Off).2          0.245397   0.00127835   0.242619   0.244602     0.245501    0.246305    0.247591  6.35384e-06
t_subj(PD-Off).3          0.231189   0.00116366   0.228645   0.230466     0.231287    0.232026    0.233179  6.32246e-06
t_subj(PD-Off).4          0.261828   0.00137712   0.258884   0.260958     0.261914    0.262791    0.264288    7.447e-06
t_subj(PD-Off).5          0.227549  0.000894441   0.225602   0.226993     0.227619    0.228186    0.229077  5.02344e-06
t_subj(PD-Off).6          0.230093  0.000604726   0.228761   0.229724      0.23015    0.230522    0.231108  3.17834e-06
t_subj(PD-Off).7          0.183291   0.00308427   0.176431   0.181408      0.18359    0.185494     0.18844  1.82867e-05
t_subj(PD-Off).8          0.198864  0.000868468   0.196937   0.198334     0.198946    0.199481    0.200318  5.05354e-06
t_subj(PD-Off).9          0.221108  0.000592863    0.21979   0.220742     0.221167    0.221536    0.222101  3.30661e-06
t_subj(PD-Off).10         0.332669   0.00168205   0.329024   0.331629     0.332802    0.333871    0.335566  9.76511e-06
t_subj(PD-Off).11         0.253801   0.00150148   0.250497    0.25288      0.25395    0.254874     0.25634   8.3041e-06
t_subj(PD-Off).12         0.306598   0.00115857   0.304035   0.305884     0.306707    0.307426    0.308557   6.4305e-06
t_subj(PD-Off).13         0.256161   0.00107245   0.253769   0.255523     0.256271     0.25692    0.257934  6.04082e-06
t_subj(PD-Off).14         0.218216  0.000572026   0.216953   0.217859     0.218266    0.218624     0.21919  3.61918e-06
t_subj(PD-Off).15         0.234806  0.000879093   0.232878   0.234262     0.234877    0.235426    0.236319  4.80114e-06
t_subj(PD-On).0           0.222321  0.000947619   0.220222   0.221745     0.222406    0.222996    0.223912  4.85191e-06
t_subj(PD-On).1           0.204271  0.000773996   0.202543     0.2038     0.204348    0.204825    0.205558  4.21846e-06
t_subj(PD-On).2           0.214152   0.00193873   0.209837   0.212976     0.214327     0.21553    0.217408  1.13233e-05
t_subj(PD-On).3           0.215771   0.00102566    0.21355   0.215133     0.215852    0.216491    0.217557  6.18231e-06
t_subj(PD-On).4           0.234313   0.00108287   0.231928   0.233646     0.234409    0.235084    0.236163  5.77949e-06
t_subj(PD-On).5           0.196879   0.00102859   0.194601   0.196251     0.196959    0.197609    0.198642  6.47939e-06
t_subj(PD-On).6           0.219999  0.000407091   0.219094   0.219752     0.220039     0.22029    0.220681  2.29019e-06
t_subj(PD-On).7           0.235152   0.00195499   0.230825   0.233947     0.235328    0.236554    0.238446  1.09329e-05
t_subj(PD-On).8            0.18483  0.000627292   0.183439   0.184448     0.184886    0.185277    0.185887  3.24953e-06
t_subj(PD-On).9           0.200465  0.000716581   0.198886   0.200021     0.200529    0.200977    0.201674  3.77156e-06
t_subj(PD-On).10          0.319213   0.00121435   0.316515   0.318475     0.319331     0.32008    0.321238  6.93639e-06
t_subj(PD-On).11          0.232323   0.00122726   0.229655   0.231565     0.232414    0.233189    0.234454  7.20098e-06
t_subj(PD-On).12          0.309176   0.00127586   0.306404   0.308373     0.309274    0.310084    0.311378  6.24368e-06
t_subj(PD-On).13          0.245477   0.00138413    0.24247   0.244626     0.245578    0.246443    0.247899  7.50379e-06
t_subj(PD-On).14          0.181829  0.000646017   0.180379    0.18144     0.181894    0.182286     0.18291    3.734e-06
t_subj(PD-On).15          0.193815  0.000836966   0.191953   0.193306     0.193897     0.19441    0.195221  4.07279e-06
z                         0.700116   0.00898751     0.6822     0.6944     0.700156    0.705869    0.717874  6.09608e-05
z_std                     0.160012    0.0358285   0.105107   0.134858      0.15503    0.179121    0.243493  0.000291127
z_subj.0                  0.705003   0.00874343   0.687597   0.699153     0.705066    0.710907    0.721836  8.75993e-05
z_subj.1                  0.727449    0.0107208   0.706422   0.720196     0.727439    0.734666    0.748431  0.000129863
z_subj.2                  0.677364   0.00855905   0.660404   0.671605     0.677441    0.683118    0.694031  6.95658e-05
z_subj.3                  0.723673   0.00965391   0.704765   0.717173     0.723664    0.730219    0.742685  0.000113403
z_subj.4                  0.675748   0.00904911   0.657894   0.669682     0.675763    0.681857    0.693439  8.85626e-05
z_subj.5                  0.718815    0.0101023   0.698849   0.712036     0.718766    0.725691    0.738559  0.000118945
z_subj.6                  0.735447    0.0108647   0.714103   0.728068     0.735556    0.742947    0.756428  0.000165532
z_subj.7                  0.634477    0.0100604   0.614468   0.627771     0.634589    0.641248    0.654041  7.61122e-05
z_subj.8                  0.728599    0.0107398    0.70761   0.721443     0.728582    0.735855    0.749761  0.000129227
z_subj.9                  0.692789    0.0117671   0.669452   0.684925     0.692817    0.700693    0.715599  0.000115999
z_subj.10                 0.685074   0.00891712   0.667471   0.679083      0.68517    0.691095    0.702452  7.68165e-05
z_subj.11                  0.65203   0.00874745   0.634695   0.646173     0.652079    0.657947    0.668982  6.83066e-05
z_subj.12                  0.68888   0.00883457   0.671212   0.682998     0.689005    0.694864    0.706043  7.63308e-05
z_subj.13                 0.693463   0.00905102   0.675451   0.687447      0.69357    0.699573    0.711159  7.99852e-05
z_subj.14                 0.726983    0.0114266   0.704599   0.719257      0.72694    0.734611    0.749552  0.000163174
z_subj.15                 0.723676    0.0107446   0.702336   0.716423      0.72377    0.730903    0.744727  0.000121759
DIC: -24004.086444
deviance: -24119.729872
pD: 115.643428